Pieces:
Piece 1:
  (-0.47277831119368774, -0.01960179232359395)
  (-0.48629410575367815, -0.11626711791917124)
  (-0.49112576248935935, -0.09260285199788824)
  (-0.49466447414551884, -0.06874679579140155)
  (-0.49780513162668194, -0.04467757211418354)
  (-0.4995708026698819, -0.02071263188901738)
  (-0.49997819826628076, -0.00044378448489058864)
  (-0.49901756504212735, 0.019997922978632933)
  (-0.49801931600218996, 0.04031774899275332)
  (-0.49631370889222165, 0.060602824733234084)
  (-0.4528175582455497, 0.12510256404381687)
  (-0.3846539283536563, 0.15536189895306077)
  (-0.31647272991807535, 0.1763783562658891)
  (-0.3521700525962367, 0.10941768560483461)
  (-0.4110185504214459, 0.06057715777818688)
  (-0.47277831119368774, -0.01960179232359395)
Piece 2:
  (0.2935814237692146, -0.2991283234068751)
  (0.3397695939451701, -0.36681960556973264)
  (0.354528947311014, -0.35247702962356287)
  (0.3683220454503013, -0.33725869098825356)
  (0.38211514358958854, -0.32204035235294426)
  (0.39525803584768937, -0.3053948451165032)
  (0.40752813939067406, -0.2888505256864679)
  (0.4195024930835774, -0.2714991106250565)
  (0.4300201799241445, -0.2539514102556782)
  (0.44057193588695076, -0.23642413013232078)
  (0.3499112969105237, -0.13854574306452572)
  (0.2935814237692146, -0.2991283234068751)
Piece 3:
  (0.1136875725536013, -0.08876258211588436)
  (0.031587595826796766, -0.08931512888588222)
  (-0.04418142837757967, -0.12404096761879867)
  (-0.05594660310285583, -0.05645395198211803)
  (-0.09368365785902673, 0.008943770515251873)
  (-0.07069520024065439, 0.021322570269022692)
  (-0.011718677742545758, -0.043924802682959466)
  (0.028528496397470307, 0.03149673745605909)
  (0.12080117295415173, 0.056073317132836635)
  (0.04006101321588881, 0.00875969811726749)
  (0.1014609360377284, -0.04515630357603556)
  (0.18810628133806834, -0.11612780588796162)
  (0.1136875725536013, -0.08876258211588436)
Piece 4:
  (-0.43675004874878126, 0.24341198597837613)
  (-0.425065828856078, 0.2622172456418222)
  (-0.41324382647133384, 0.2811438137998657)
  (-0.40004636794297055, 0.2989385266800777)
  (-0.3868714066119149, 0.3167499246189625)
  (-0.3773294156929977, 0.32805870214457183)
  (-0.330807515085942, 0.2708477640788026)
  (-0.31647272991807535, 0.1763783562658891)
  (-0.3846539283536563, 0.15536189895306077)
  (-0.4528175582455497, 0.12510256404381687)
  (-0.49631370889222165, 0.060602824733234084)
  (-0.49279137858788513, 0.08137418034398383)
  (-0.4890929265444838, 0.10273390878215516)
  (-0.4839146574470738, 0.12340671783159687)
  (-0.47873638834966387, 0.14407952688103853)
  (-0.47134062411004785, 0.16506807857868785)
  (-0.46414655564396323, 0.1851741530138721)
  (-0.45533071063304814, 0.20531539024768056)
  (-0.4462701402563145, 0.22447235676735133)
  (-0.43675004874878126, 0.24341198597837613)
Piece 5:
  (0.3154671655663882, 0.17465705326289765)
  (0.4608774283341553, 0.1938865545933899)
  (0.4513813493245211, 0.21366561316033672)
  (0.4420007246795418, 0.23349927757498823)
  (0.4306148314750168, 0.2529592940806039)
  (0.41926576271685934, 0.2718940713808264)
  (0.4063753425259505, 0.29040489232250455)
  (0.39327101693290156, 0.3080740299762402)
  (0.37965545273636425, 0.3253640072404234)
  (0.22533273773420864, 0.26044197446607903)
  (0.3154671655663882, 0.17465705326289765)
Piece 6:
  (0.09485372447260625, 0.3639331255544913)
  (0.17332769192959813, 0.4689962805933095)
  (0.15344794304943404, 0.47549837508486503)
  (0.13297700900082082, 0.48151742430394917)
  (0.11251720037052859, 0.48664233957384695)
  (0.09142378821377621, 0.4913006600801463)
  (0.07057932915926166, 0.4943926434987003)
  (0.04973487010474708, 0.4974846269172544)
  (0.0286827424475769, 0.4991766223349066)
  (-0.00666373916564408, 0.4035348456279635)
  (0.0004548945427060051, 0.2901502534306304)
  (0.09485372447260625, 0.3639331255544913)
Piece 7:
  (-0.2832245310477512, -0.07724457948964591)
  (-0.3156959668451502, -0.18033360266639487)
  (-0.2005901324386054, -0.16749101773550248)
  (-0.15880231463154176, -0.09169371198656773)
  (-0.17314109592527097, -0.023671084206325285)
  (-0.23271460872013905, -0.05254667557925823)
  (-0.29068150820672684, -0.01639133325760876)
  (-0.3978723499638895, -0.07551545667196893)
  (-0.34159013031033014, -0.1212362419103654)
  (-0.2832245310477512, -0.07724457948964591)
Piece 8:
  (-0.31647272991807535, 0.1763783562658891)
  (-0.3521700525962367, 0.10941768560483461)
  (-0.4110185504214459, 0.06057715777818688)
  (-0.33893227194637143, 0.06847020374200999)
  (-0.29068150820672684, -0.01639133325760876)
  (-0.27160301864455777, 0.009079930449870849)
  (-0.20485230094348894, -0.009402030348073145)
  (-0.2276875671452867, 0.1509016363902907)
  (-0.30164347164029914, 0.20098222139904803)
  (-0.330807515085942, 0.2708477640788026)
  (-0.31647272991807535, 0.1763783562658891)
Piece 9:
  (0.22533273773420864, 0.26044197446607903)
  (0.3154671655663882, 0.17465705326289765)
  (0.20353743554769327, 0.2081210652442539)
  (0.20017060513067358, 0.20912765798235416)
  (0.10472321616420888, 0.21267008354115352)
  (0.0004548945427060051, 0.2901502534306304)
  (0.09485372447260625, 0.3639331255544913)
  (0.22533273773420864, 0.26044197446607903)
Piece 10:
  (0.49571541897112453, -0.06531633328871495)
  (0.4978575472785242, -0.04361062701006623)
  (0.49892647037430915, -0.021852197540214707)
  (0.49998390057128705, 0.00032771139994688253)
  (0.49891495263221225, 0.022086646566581537)
  (0.4978460046931374, 0.04384558173321622)
  (0.4956844633577633, 0.06555084122821175)
  (0.36022106990610037, 0.04763674455422395)
  (0.35829739986933734, -0.010507425306314683)
  (0.3981756806151219, -0.11398004215128799)
  (0.4752560742741639, -0.15534369593102398)
  (0.48148276885629043, -0.1331153613032013)
  (0.4870895711723796, -0.11073175174601288)
  (0.4918081891085987, -0.0880023054240979)
  (0.49571541897112453, -0.06531633328871495)
Piece 11:
  (-0.3978723499638895, -0.07551545667196893)
  (-0.4631852069792827, -0.18830683480840255)
  (-0.4715349366231934, -0.16452501148509385)
  (-0.47962327111917774, -0.14053889239516912)
  (-0.48629410575367815, -0.11626711791917124)
  (-0.47277831119368774, -0.01960179232359395)
  (-0.4110185504214459, 0.06057715777818688)
  (-0.33893227194637143, 0.06847020374200999)
  (-0.29068150820672684, -0.01639133325760876)
  (-0.3978723499638895, -0.07551545667196893)
Piece 12:
  (0.11782104855498393, -0.3459940100663268)
  (0.12108775165234102, -0.4851162297839364)
  (0.14197041116649073, -0.4792646943336927)
  (0.16304856984471064, -0.47206321588930955)
  (0.18371799825460333, -0.464667576147949)
  (0.20457908318186452, -0.45567895793941904)
  (0.22448070698086778, -0.4462661908994501)
  (0.24443894636845256, -0.43572173136062986)
  (0.26319399669263677, -0.42448038680627015)
  (0.28181427207336446, -0.4130141838433151)
  (0.2393112038944057, -0.24273330978409763)
  (0.11782104855498393, -0.3459940100663268)
Piece 13:
  (-0.12561639647222217, 0.3861131347688641)
  (-0.15468740620685695, 0.47547008987000944)
  (-0.1734763072857204, 0.4683321117725506)
  (-0.1928717970295774, 0.46121609191073104)
  (-0.2112284973658943, 0.4525340192500608)
  (-0.2295851977022112, 0.4438519465893906)
  (-0.2480343619869399, 0.4335667221719088)
  (-0.26546494970176165, 0.42311922995512513)
  (-0.28303299730264464, 0.41184271249448967)
  (-0.29921085112061263, 0.3998443983728846)
  (-0.31545154863757524, 0.38793081917031996)
  (-0.2608498468501277, 0.22009895300523594)
  (-0.12561639647222217, 0.3861131347688641)
Piece 14:
  (0.36022106990610037, 0.04763674455422395)
  (0.4956844633577633, 0.06555084122821175)
  (0.49192091346342576, 0.08724237955109984)
  (0.4874782405350032, 0.1091800966725241)
  (0.48209432326950724, 0.1306738992296875)
  (0.47589800688499806, 0.15233104699012898)
  (0.46845499457024675, 0.1731328728731998)
  (0.4608774283341553, 0.1938865545933899)
  (0.3154671655663882, 0.17465705326289765)
  (0.20353743554769327, 0.2081210652442539)
  (0.20017060513067358, 0.20912765798235416)
  (0.36022106990610037, 0.04763674455422395)
Piece 15:
  (-0.13676953370246342, 0.1520645137692469)
  (-0.0806008407586209, 0.18291961154321593)
  (-0.06247253876708646, 0.10848837709447412)
  (-0.07069520024065439, 0.021322570269022692)
  (-0.09368365785902673, 0.008943770515251873)
  (-0.11615435747369171, 0.0540371022959448)
  (-0.17314109592527097, -0.023671084206325285)
  (-0.23271460872013905, -0.05254667557925823)
  (-0.29068150820672684, -0.01639133325760876)
  (-0.27160301864455777, 0.009079930449870849)
  (-0.20485230094348894, -0.009402030348073145)
  (-0.2276875671452867, 0.1509016363902907)
  (-0.13676953370246342, 0.1520645137692469)
Piece 16:
  (0.10472321616420888, 0.21267008354115352)
  (0.28373047691864023, 0.050136966606313636)
  (0.17157350191017434, 0.10171828192389615)
  (0.24092403182819477, -0.021473111231430836)
  (0.1837017506016972, 0.020263166720007712)
  (0.1269310912368228, 0.059665440546551235)
  (0.12080117295415173, 0.056073317132836635)
  (-0.04162650241456138, 0.2771905232018058)
  (0.0004548945427060051, 0.2901502534306304)
  (0.10472321616420888, 0.21267008354115352)
Piece 17:
  (-0.05718151053006773, -0.32644137427120024)
  (-0.08626960884851807, -0.49250132445418227)
  (-0.06196503794128457, -0.4956704528934619)
  (-0.037363620656164255, -0.4981644430211813)
  (-0.012830729813294342, -0.49936966666402965)
  (0.0117371722863381, -0.4998622198033382)
  (0.02676751619099823, -0.41405605493425857)
  (0.054986662993670554, -0.34963558554808905)
  (0.04568446308796533, -0.2627206849243588)
  (0.01261899272659802, -0.17878186316115371)
  (-0.05718151053006773, -0.32644137427120024)
Piece 18:
  (0.3499112969105237, -0.13854574306452572)
  (0.28373047691864023, 0.050136966606313636)
  (0.17157350191017434, 0.10171828192389615)
  (0.24092403182819477, -0.021473111231430836)
  (0.1837017506016972, 0.020263166720007712)
  (0.18528850463036087, -0.06261725688009337)
  (0.2646388175989785, -0.13813653457201014)
  (0.3057978990806226, -0.20900216776761796)
  (0.2935814237692146, -0.2991283234068751)
  (0.3499112969105237, -0.13854574306452572)
Piece 19:
  (-0.09368365785902673, 0.008943770515251873)
  (-0.11615435747369171, 0.0540371022959448)
  (-0.17314109592527097, -0.023671084206325285)
  (-0.15880231463154176, -0.09169371198656773)
  (-0.2005901324386054, -0.16749101773550248)
  (-0.09658212569950123, -0.15588663932213664)
  (-0.05718151053006773, -0.32644137427120024)
  (0.01261899272659802, -0.17878186316115371)
  (-0.056932846712861085, -0.19248512784048089)
  (-0.04418142837757967, -0.12404096761879867)
  (-0.05594660310285583, -0.05645395198211803)
  (-0.09368365785902673, 0.008943770515251873)
Piece 20:
  (-0.2608498468501277, 0.22009895300523594)
  (-0.12561639647222217, 0.3861131347688641)
  (-0.10060124216790114, 0.32130944911546355)
  (-0.16508198037722316, 0.25147722785612064)
  (-0.13676953370246342, 0.1520645137692469)
  (-0.2276875671452867, 0.1509016363902907)
  (-0.30164347164029914, 0.20098222139904803)
  (-0.330807515085942, 0.2708477640788026)
  (-0.3773294156929977, 0.32805870214457183)
  (-0.36253756243968943, 0.3436408844879826)
  (-0.3474109006523216, 0.3591206189619844)
  (-0.3314700537708913, 0.37356856040473646)
  (-0.31545154863757524, 0.38793081917031996)
  (-0.2608498468501277, 0.22009895300523594)
Piece 21:
  (0.01261899272659802, -0.17878186316115371)
  (0.04568446308796533, -0.2627206849243588)
  (0.054986662993670554, -0.34963558554808905)
  (0.18810628133806834, -0.11612780588796162)
  (0.1136875725536013, -0.08876258211588436)
  (0.031587595826796766, -0.08931512888588222)
  (-0.04418142837757967, -0.12404096761879867)
  (-0.056932846712861085, -0.19248512784048089)
  (0.01261899272659802, -0.17878186316115371)
Piece 22:
  (-0.08502077575601764, 0.4927184466709613)
  (-0.06251427962536554, 0.49558898058585654)
  (-0.039674428176542514, 0.4980509203272815)
  (-0.016925174696639338, 0.49916851948535623)
  (0.006031386289472707, 0.49970369699185546)
  (0.0286827424475769, 0.4991766223349066)
  (-0.00666373916564408, 0.4035348456279635)
  (0.0004548945427060051, 0.2901502534306304)
  (-0.04162650241456138, 0.2771905232018058)
  (-0.16508198037722316, 0.25147722785612064)
  (-0.10060124216790114, 0.32130944911546355)
  (-0.12561639647222217, 0.3861131347688641)
  (-0.15468740620685695, 0.47547008987000944)
  (-0.13162466287780702, 0.4818561693734294)
  (-0.10841834081572163, 0.4876690504439816)
  (-0.08502077575601764, 0.4927184466709613)
Piece 23:
  (-0.22816277034317795, -0.444906451098797)
  (-0.20882232584737295, -0.45367205362307433)
  (-0.18913355114656627, -0.4627298603391232)
  (-0.16900698496028094, -0.4699312608709916)
  (-0.14888041877399563, -0.47713266140285987)
  (-0.1277908434351895, -0.482816491151533)
  (-0.10711457015863302, -0.48799562799266233)
  (-0.08626960884851807, -0.49250132445418227)
  (-0.05718151053006773, -0.32644137427120024)
  (-0.09658212569950123, -0.15588663932213664)
  (-0.22816277034317795, -0.444906451098797)
Piece 24:
  (0.11782104855498393, -0.3459940100663268)
  (0.12108775165234102, -0.4851162297839364)
  (0.09966741409483423, -0.4898610434771536)
  (0.07769209528523233, -0.4933375643112752)
  (0.05586478584017263, -0.4965753398131132)
  (0.033677662408129895, -0.49834552253828895)
  (0.0117371722863381, -0.4998622198033382)
  (0.02676751619099823, -0.41405605493425857)
  (0.054986662993670554, -0.34963558554808905)
  (0.18810628133806834, -0.11612780588796162)
  (0.2393112038944057, -0.24273330978409763)
  (0.11782104855498393, -0.3459940100663268)
Piece 25:
  (0.3051163951843615, 0.3961110770853304)
  (0.3210098418193069, 0.38304914389439515)
  (0.3362349984375642, 0.3692498662955645)
  (0.35146015505582157, 0.35545058869673385)
  (0.3655880832389302, 0.3402751534485818)
  (0.37965545273636425, 0.3253640072404234)
  (0.22533273773420864, 0.26044197446607903)
  (0.09485372447260625, 0.3639331255544913)
  (0.17332769192959813, 0.4689962805933095)
  (0.19330302178866482, 0.4610121377891905)
  (0.21271270719833332, 0.4518320402792856)
  (0.23212239260800183, 0.4426519427693807)
  (0.25121902587978473, 0.4316579080930079)
  (0.26966134579047274, 0.42060400693495864)
  (0.2876790693805133, 0.4083969505999191)
  (0.3051163951843615, 0.3961110770853304)
Piece 26:
  (0.35829739986933734, -0.010507425306314683)
  (0.3981756806151219, -0.11398004215128799)
  (0.4752560742741639, -0.15534369593102398)
  (0.4674558212882232, -0.1759253751237303)
  (0.4594482607718576, -0.19660956193086818)
  (0.45002866363083827, -0.21652562676522663)
  (0.44057193588695076, -0.23642413013232078)
  (0.3499112969105237, -0.13854574306452572)
  (0.28373047691864023, 0.050136966606313636)
  (0.10472321616420888, 0.21267008354115352)
  (0.20017060513067358, 0.20912765798235416)
  (0.36022106990610037, 0.04763674455422395)
  (0.35829739986933734, -0.010507425306314683)
Piece 27:
  (-0.34159013031033014, -0.1212362419103654)
  (-0.3978723499638895, -0.07551545667196893)
  (-0.4631852069792827, -0.18830683480840255)
  (-0.4542727187527711, -0.20755232613425523)
  (-0.44520500299006555, -0.2267244003032398)
  (-0.4349480453133646, -0.24572976355508094)
  (-0.4240199190263259, -0.2639622407708926)
  (-0.41253821652307926, -0.2820952186788904)
  (-0.40044948244827466, -0.2993997528504474)
  (-0.38493391687362183, -0.31893031529387367)
  (-0.3682182710468993, -0.3373731883982408)
  (-0.3511545901770596, -0.35572753655955147)
  (-0.33318701736306616, -0.3728088135501947)
  (-0.28252832882408474, -0.2740268023513574)
  (-0.3156959668451502, -0.18033360266639487)
  (-0.2832245310477512, -0.07724457948964591)
  (-0.34159013031033014, -0.1212362419103654)
Piece 28:
  (0.18810628133806834, -0.11612780588796162)
  (0.1014609360377284, -0.04515630357603556)
  (0.04006101321588881, 0.00875969811726749)
  (0.12080117295415173, 0.056073317132836635)
  (0.1269310912368228, 0.059665440546551235)
  (0.1837017506016972, 0.020263166720007712)
  (0.18528850463036087, -0.06261725688009337)
  (0.2646388175989785, -0.13813653457201014)
  (0.3057978990806226, -0.20900216776761796)
  (0.2935814237692146, -0.2991283234068751)
  (0.3397695939451701, -0.36681960556973264)
  (0.3211167882511467, -0.3829522132986604)
  (0.30151695180160515, -0.3981340775430682)
  (0.28181427207336446, -0.4130141838433151)
  (0.2393112038944057, -0.24273330978409763)
  (0.18810628133806834, -0.11612780588796162)
Piece 29:
  (-0.09658212569950123, -0.15588663932213664)
  (-0.22816277034317795, -0.444906451098797)
  (-0.2465908882352424, -0.4344319070430516)
  (-0.2647672860699144, -0.42353739344352315)
  (-0.2829399567385254, -0.4119117160796941)
  (-0.29998198291779277, -0.3992724880542582)
  (-0.3170240090970601, -0.3866332600288223)
  (-0.33318701736306616, -0.3728088135501947)
  (-0.28252832882408474, -0.2740268023513574)
  (-0.3156959668451502, -0.18033360266639487)
  (-0.2005901324386054, -0.16749101773550248)
  (-0.09658212569950123, -0.15588663932213664)
Piece 30:
  (-0.07069520024065439, 0.021322570269022692)
  (-0.06247253876708646, 0.10848837709447412)
  (-0.0806008407586209, 0.18291961154321593)
  (-0.13676953370246342, 0.1520645137692469)
  (-0.16508198037722316, 0.25147722785612064)
  (-0.04162650241456138, 0.2771905232018058)
  (0.12080117295415173, 0.056073317132836635)
  (0.028528496397470307, 0.03149673745605909)
  (-0.011718677742545758, -0.043924802682959466)
  (-0.07069520024065439, 0.021322570269022692)

Available Edges:
