Pieces:
Piece 1:
  (-0.22816277034317795, -0.444906451098797)
  (-0.08626960884851807, -0.49250132445418227)
  (-0.05718151053006773, -0.32644137427120024)
  (-0.09658212569950123, -0.15588663932213664)
  (-0.22816277034317795, -0.444906451098797)
Piece 2:
  (-0.05718151053006773, -0.32644137427120024)
  (-0.08626960884851807, -0.49250132445418227)
  (0.0117371722863381, -0.4998622198033382)
  (0.02676751619099823, -0.41405605493425857)
  (0.054986662993670554, -0.34963558554808905)
  (0.04568446308796533, -0.2627206849243588)
  (0.01261899272659802, -0.17878186316115371)
  (-0.05718151053006773, -0.32644137427120024)
Piece 3:
  (-0.09658212569950123, -0.15588663932213664)
  (-0.22816277034317795, -0.444906451098797)
  (-0.33318701736306616, -0.3728088135501947)
  (-0.28252832882408474, -0.2740268023513574)
  (-0.3156959668451502, -0.18033360266639487)
  (-0.09658212569950123, -0.15588663932213664)
Piece 4:
  (0.02676751619099823, -0.41405605493425857)
  (0.0117371722863381, -0.4998622198033382)
  (0.12108775165234102, -0.4851162297839364)
  (0.11782104855498393, -0.3459940100663268)
  (0.16237408222596672, -0.24418367782358147)
  (0.02676751619099823, -0.41405605493425857)
Piece 5:
  (0.11782104855498393, -0.3459940100663268)
  (0.12108775165234102, -0.4851162297839364)
  (0.28181427207336446, -0.4130141838433151)
  (0.2393112038944057, -0.24273330978409763)
  (0.11782104855498393, -0.3459940100663268)
Piece 6:
  (0.2393112038944057, -0.24273330978409763)
  (0.28181427207336446, -0.4130141838433151)
  (0.3397695939451701, -0.36681960556973264)
  (0.2935814237692146, -0.2991283234068751)
  (0.3057978990806226, -0.20900216776761796)
  (0.2646388175989785, -0.13813653457201014)
  (0.18810628133806834, -0.11612780588796162)
  (0.2393112038944057, -0.24273330978409763)
Piece 7:
  (0.2935814237692146, -0.2991283234068751)
  (0.3397695939451701, -0.36681960556973264)
  (0.44057193588695076, -0.23642413013232078)
  (0.3499112969105237, -0.13854574306452572)
  (0.2935814237692146, -0.2991283234068751)
Piece 8:
  (-0.3156959668451502, -0.18033360266639487)
  (-0.28252832882408474, -0.2740268023513574)
  (-0.33318701736306616, -0.3728088135501947)
  (-0.40044948244827466, -0.2993997528504474)
  (-0.37029418506243716, -0.21382719527338975)
  (-0.34159013031033014, -0.1212362419103654)
  (-0.2832245310477512, -0.07724457948964591)
  (-0.3156959668451502, -0.18033360266639487)
Piece 9:
  (0.3499112969105237, -0.13854574306452572)
  (0.44057193588695076, -0.23642413013232078)
  (0.4752560742741639, -0.15534369593102398)
  (0.3981756806151219, -0.11398004215128799)
  (0.35829739986933734, -0.010507425306314683)
  (0.28373047691864023, 0.050136966606313636)
  (0.3499112969105237, -0.13854574306452572)
Piece 10:
  (0.35829739986933734, -0.010507425306314683)
  (0.3981756806151219, -0.11398004215128799)
  (0.4752560742741639, -0.15534369593102398)
  (0.49571541897112453, -0.06531633328871495)
  (0.4605726415309518, 0.035701603961344294)
  (0.36022106990610037, 0.04763674455422395)
  (0.35829739986933734, -0.010507425306314683)
Piece 11:
  (-0.34159013031033014, -0.1212362419103654)
  (-0.37029418506243716, -0.21382719527338975)
  (-0.40044948244827466, -0.2993997528504474)
  (-0.4631852069792827, -0.18830683480840255)
  (-0.3978723499638895, -0.07551545667196893)
  (-0.34159013031033014, -0.1212362419103654)
Piece 12:
  (-0.3978723499638895, -0.07551545667196893)
  (-0.4631852069792827, -0.18830683480840255)
  (-0.48629410575367815, -0.11626711791917124)
  (-0.47277831119368774, -0.01960179232359395)
  (-0.4110185504214459, 0.06057715777818688)
  (-0.33893227194637143, 0.06847020374200999)
  (-0.29068150820672684, -0.01639133325760876)
  (-0.3978723499638895, -0.07551545667196893)
Piece 13:
  (0.49571541897112453, -0.06531633328871495)
  (0.4605726415309518, 0.035701603961344294)
  (0.36022106990610037, 0.04763674455422395)
  (0.4956844633577633, 0.06555084122821175)
  (0.49571541897112453, -0.06531633328871495)
Piece 14:
  (-0.48629410575367815, -0.11626711791917124)
  (-0.47277831119368774, -0.01960179232359395)
  (-0.4995708026698819, -0.02071263188901738)
  (-0.48629410575367815, -0.11626711791917124)
Piece 15:
  (0.36022106990610037, 0.04763674455422395)
  (0.4956844633577633, 0.06555084122821175)
  (0.4608774283341553, 0.1938865545933899)
  (0.3154671655663882, 0.17465705326289765)
  (0.20017060513067358, 0.20912765798235416)
  (0.36022106990610037, 0.04763674455422395)
Piece 16:
  (0.3154671655663882, 0.17465705326289765)
  (0.4608774283341553, 0.1938865545933899)
  (0.37965545273636425, 0.3253640072404234)
  (0.22533273773420864, 0.26044197446607903)
  (0.3154671655663882, 0.17465705326289765)
Piece 17:
  (0.22533273773420864, 0.26044197446607903)
  (0.37965545273636425, 0.3253640072404234)
  (0.3051163951843615, 0.3961110770853304)
  (0.20510904327550278, 0.3104049650407217)
  (0.09485372447260625, 0.3639331255544913)
  (0.22533273773420864, 0.26044197446607903)
Piece 18:
  (-0.4110185504214459, 0.06057715777818688)
  (-0.47277831119368774, -0.01960179232359395)
  (-0.4995708026698819, -0.02071263188901738)
  (-0.49631370889222165, 0.060602824733234084)
  (-0.4528175582455497, 0.12510256404381687)
  (-0.3846539283536563, 0.15536189895306077)
  (-0.31647272991807535, 0.1763783562658891)
  (-0.3521700525962367, 0.10941768560483461)
  (-0.4110185504214459, 0.06057715777818688)
Piece 19:
  (0.09485372447260625, 0.3639331255544913)
  (0.20510904327550278, 0.3104049650407217)
  (0.3051163951843615, 0.3961110770853304)
  (0.17332769192959813, 0.4689962805933095)
  (0.09485372447260625, 0.3639331255544913)
Piece 20:
  (0.09485372447260625, 0.3639331255544913)
  (0.17332769192959813, 0.4689962805933095)
  (0.0286827424475769, 0.4991766223349066)
  (-0.00666373916564408, 0.4035348456279635)
  (0.0004548945427060051, 0.2901502534306304)
  (0.09485372447260625, 0.3639331255544913)
Piece 21:
  (0.0004548945427060051, 0.2901502534306304)
  (-0.00666373916564408, 0.4035348456279635)
  (0.0286827424475769, 0.4991766223349066)
  (-0.08502077575601764, 0.4927184466709613)
  (-0.06800829195423247, 0.39412649054855237)
  (-0.04162650241456138, 0.2771905232018058)
  (0.0004548945427060051, 0.2901502534306304)
Piece 22:
  (-0.04162650241456138, 0.2771905232018058)
  (-0.06800829195423247, 0.39412649054855237)
  (-0.08502077575601764, 0.4927184466709613)
  (-0.15468740620685695, 0.47547008987000944)
  (-0.12561639647222217, 0.3861131347688641)
  (-0.10060124216790114, 0.32130944911546355)
  (-0.16508198037722316, 0.25147722785612064)
  (-0.04162650241456138, 0.2771905232018058)
Piece 23:
  (-0.12561639647222217, 0.3861131347688641)
  (-0.15468740620685695, 0.47547008987000944)
  (-0.31545154863757524, 0.38793081917031996)
  (-0.2608498468501277, 0.22009895300523594)
  (-0.12561639647222217, 0.3861131347688641)
Piece 24:
  (-0.2608498468501277, 0.22009895300523594)
  (-0.31545154863757524, 0.38793081917031996)
  (-0.3773294156929977, 0.32805870214457183)
  (-0.330807515085942, 0.2708477640788026)
  (-0.30164347164029914, 0.20098222139904803)
  (-0.2276875671452867, 0.1509016363902907)
  (-0.13676953370246342, 0.1520645137692469)
  (-0.2608498468501277, 0.22009895300523594)
Piece 25:
  (-0.49631370889222165, 0.060602824733234084)
  (-0.4528175582455497, 0.12510256404381687)
  (-0.3846539283536563, 0.15536189895306077)
  (-0.31647272991807535, 0.1763783562658891)
  (-0.43675004874878126, 0.24341198597837613)
  (-0.49631370889222165, 0.060602824733234084)
Piece 26:
  (-0.3773294156929977, 0.32805870214457183)
  (-0.330807515085942, 0.2708477640788026)
  (-0.3868714066119149, 0.3167499246189625)
  (-0.3773294156929977, 0.32805870214457183)
Piece 27:
  (-0.31647272991807535, 0.1763783562658891)
  (-0.43675004874878126, 0.24341198597837613)
  (-0.3868714066119149, 0.3167499246189625)
  (-0.330807515085942, 0.2708477640788026)
  (-0.31647272991807535, 0.1763783562658891)

Available Edges:
Edge 1:
  (-0.05718151053006773, -0.32644137427120024)
  (-0.09658212569950123, -0.15588663932213664)
Edge 2:
  (0.02676751619099823, -0.41405605493425857)
  (0.054986662993670554, -0.34963558554808905)
Edge 3:
  (0.054986662993670554, -0.34963558554808905)
  (0.04568446308796533, -0.2627206849243588)
Edge 4:
  (0.04568446308796533, -0.2627206849243588)
  (0.01261899272659802, -0.17878186316115371)
Edge 5:
  (0.01261899272659802, -0.17878186316115371)
  (-0.05718151053006773, -0.32644137427120024)
Edge 6:
  (-0.3156959668451502, -0.18033360266639487)
  (-0.09658212569950123, -0.15588663932213664)
Edge 7:
  (0.11782104855498393, -0.3459940100663268)
  (0.16237408222596672, -0.24418367782358147)
Edge 8:
  (0.16237408222596672, -0.24418367782358147)
  (0.02676751619099823, -0.41405605493425857)
Edge 9:
  (0.2393112038944057, -0.24273330978409763)
  (0.11782104855498393, -0.3459940100663268)
Edge 10:
  (0.2935814237692146, -0.2991283234068751)
  (0.3057978990806226, -0.20900216776761796)
Edge 11:
  (0.3057978990806226, -0.20900216776761796)
  (0.2646388175989785, -0.13813653457201014)
Edge 12:
  (0.2646388175989785, -0.13813653457201014)
  (0.18810628133806834, -0.11612780588796162)
Edge 13:
  (0.18810628133806834, -0.11612780588796162)
  (0.2393112038944057, -0.24273330978409763)
Edge 14:
  (0.3499112969105237, -0.13854574306452572)
  (0.2935814237692146, -0.2991283234068751)
Edge 15:
  (-0.34159013031033014, -0.1212362419103654)
  (-0.2832245310477512, -0.07724457948964591)
Edge 16:
  (-0.2832245310477512, -0.07724457948964591)
  (-0.3156959668451502, -0.18033360266639487)
Edge 17:
  (0.35829739986933734, -0.010507425306314683)
  (0.28373047691864023, 0.050136966606313636)
Edge 18:
  (0.28373047691864023, 0.050136966606313636)
  (0.3499112969105237, -0.13854574306452572)
Edge 19:
  (0.36022106990610037, 0.04763674455422395)
  (0.35829739986933734, -0.010507425306314683)
Edge 20:
  (-0.3978723499638895, -0.07551545667196893)
  (-0.34159013031033014, -0.1212362419103654)
Edge 21:
  (-0.4110185504214459, 0.06057715777818688)
  (-0.33893227194637143, 0.06847020374200999)
Edge 22:
  (-0.33893227194637143, 0.06847020374200999)
  (-0.29068150820672684, -0.01639133325760876)
Edge 23:
  (-0.29068150820672684, -0.01639133325760876)
  (-0.3978723499638895, -0.07551545667196893)
Edge 24:
  (0.3154671655663882, 0.17465705326289765)
  (0.20017060513067358, 0.20912765798235416)
Edge 25:
  (0.20017060513067358, 0.20912765798235416)
  (0.36022106990610037, 0.04763674455422395)
Edge 26:
  (0.22533273773420864, 0.26044197446607903)
  (0.3154671655663882, 0.17465705326289765)
Edge 27:
  (0.09485372447260625, 0.3639331255544913)
  (0.22533273773420864, 0.26044197446607903)
Edge 28:
  (-0.31647272991807535, 0.1763783562658891)
  (-0.3521700525962367, 0.10941768560483461)
Edge 29:
  (-0.3521700525962367, 0.10941768560483461)
  (-0.4110185504214459, 0.06057715777818688)
Edge 30:
  (0.0004548945427060051, 0.2901502534306304)
  (0.09485372447260625, 0.3639331255544913)
Edge 31:
  (-0.04162650241456138, 0.2771905232018058)
  (0.0004548945427060051, 0.2901502534306304)
Edge 32:
  (-0.12561639647222217, 0.3861131347688641)
  (-0.10060124216790114, 0.32130944911546355)
Edge 33:
  (-0.10060124216790114, 0.32130944911546355)
  (-0.16508198037722316, 0.25147722785612064)
Edge 34:
  (-0.16508198037722316, 0.25147722785612064)
  (-0.04162650241456138, 0.2771905232018058)
Edge 35:
  (-0.2608498468501277, 0.22009895300523594)
  (-0.12561639647222217, 0.3861131347688641)
Edge 36:
  (-0.330807515085942, 0.2708477640788026)
  (-0.30164347164029914, 0.20098222139904803)
Edge 37:
  (-0.30164347164029914, 0.20098222139904803)
  (-0.2276875671452867, 0.1509016363902907)
Edge 38:
  (-0.2276875671452867, 0.1509016363902907)
  (-0.13676953370246342, 0.1520645137692469)
Edge 39:
  (-0.13676953370246342, 0.1520645137692469)
  (-0.2608498468501277, 0.22009895300523594)
Edge 40:
  (-0.330807515085942, 0.2708477640788026)
  (-0.31647272991807535, 0.1763783562658891)
