Pieces:
Piece 1:
  (-0.40589267499901216, -0.2919779724262539)
  (-0.30514169849644346, -0.3960915851652312)
  (-0.24142989236198142, -0.31338997338983143)
  (-0.28339776327925287, -0.21486436968317885)
  (-0.403881493946799, -0.19251878591807578)
  (-0.40589267499901216, -0.2919779724262539)
Piece 2:
  (-0.24142989236198142, -0.31338997338983143)
  (-0.30514169849644346, -0.3960915851652312)
  (-0.21064047868585042, -0.45346509098164967)
  (-0.12466267220809141, -0.34186092208369767)
  (-0.08956841473454062, -0.2145654953750243)
  (-0.24142989236198142, -0.31338997338983143)
Piece 3:
  (-0.12466267220809141, -0.34186092208369767)
  (-0.21064047868585042, -0.45346509098164967)
  (-0.07554186442655278, -0.4942604846828849)
  (-0.011971965048136274, -0.35740772786627995)
  (-0.12466267220809141, -0.34186092208369767)
Piece 4:
  (-0.28339776327925287, -0.21486436968317885)
  (-0.403881493946799, -0.19251878591807578)
  (-0.40589267499901216, -0.2919779724262539)
  (-0.4477877043474784, -0.22245487595288915)
  (-0.4726011357417552, -0.16154518457051922)
  (-0.3924271034256503, -0.12464047449245909)
  (-0.31792791280843785, -0.16780144954137)
  (-0.24559327166463607, -0.17920746832462128)
  (-0.28339776327925287, -0.21486436968317885)
Piece 5:
  (-0.011971965048136274, -0.35740772786627995)
  (-0.07554186442655278, -0.4942604846828849)
  (0.03279825236187457, -0.49892311496061875)
  (0.05020499551618818, -0.3850330836050062)
  (-0.006787614897538298, -0.2944868626426849)
  (-0.011971965048136274, -0.35740772786627995)
Piece 6:
  (-0.3924271034256503, -0.12464047449245909)
  (-0.4726011357417552, -0.16154518457051922)
  (-0.49870330363494925, -0.03598631606024183)
  (-0.37359154269206596, 0.006779561939054407)
  (-0.26091847978476745, -0.03741042183936399)
  (-0.3924271034256503, -0.12464047449245909)
Piece 7:
  (-0.26091847978476745, -0.03741042183936399)
  (-0.37359154269206596, 0.006779561939054407)
  (-0.49870330363494925, -0.03598631606024183)
  (-0.49876991623543515, 0.03505097229032302)
  (-0.4245507883270234, 0.029835235512602636)
  (-0.34717701924244415, 0.04344867434847137)
  (-0.2941377008527677, 0.0705014687351515)
  (-0.21862692161273684, 0.05047734016570224)
  (-0.26091847978476745, -0.03741042183936399)
Piece 8:
  (0.05020499551618818, -0.3850330836050062)
  (0.03279825236187457, -0.49892311496061875)
  (0.15053658572587547, -0.4768005205093595)
  (0.1433765787437812, -0.3678833456784601)
  (0.11121104543342436, -0.27902102053743805)
  (0.016245524240750958, -0.2487566762791134)
  (0.05020499551618818, -0.3850330836050062)
Piece 9:
  (0.11121104543342436, -0.27902102053743805)
  (0.1433765787437812, -0.3678833456784601)
  (0.15053658572587547, -0.4768005205093595)
  (0.20741651934405325, -0.4549487745924787)
  (0.17497388268761782, -0.3837888793340324)
  (0.2004707130764099, -0.31286984328579154)
  (0.19671728455429216, -0.2418732638323722)
  (0.12670556490912568, -0.2421314669715588)
  (0.11121104543342436, -0.27902102053743805)
Piece 10:
  (-0.4245507883270234, 0.029835235512602636)
  (-0.49876991623543515, 0.03505097229032302)
  (-0.47742140109409464, 0.14855573289964819)
  (-0.3824943730580905, 0.14188475191024522)
  (-0.2789465112766848, 0.16793335717554275)
  (-0.3469387080961281, 0.11329918927831609)
  (-0.4245507883270234, 0.029835235512602636)
Piece 11:
  (-0.2789465112766848, 0.16793335717554275)
  (-0.3824943730580905, 0.14188475191024522)
  (-0.47742140109409464, 0.14855573289964819)
  (-0.44533384936728443, 0.22732743478893347)
  (-0.38259048659015676, 0.19529913123549664)
  (-0.3149398903646829, 0.24293207917939694)
  (-0.2400267156079063, 0.23937899982345615)
  (-0.28750278175583305, 0.17000207654753563)
  (-0.2789465112766848, 0.16793335717554275)
Piece 12:
  (0.2004707130764099, -0.31286984328579154)
  (0.17497388268761782, -0.3837888793340324)
  (0.20741651934405325, -0.4549487745924787)
  (0.32966944907481915, -0.3759229367127061)
  (0.25710773627936706, -0.2931806254566225)
  (0.2004707130764099, -0.31286984328579154)
Piece 13:
  (0.25710773627936706, -0.2931806254566225)
  (0.32966944907481915, -0.3759229367127061)
  (0.4235515394535528, -0.2657143079070555)
  (0.3539331687624278, -0.18632829736586676)
  (0.3447048394472017, -0.07607888240933461)
  (0.25710773627936706, -0.2931806254566225)
Piece 14:
  (0.3539331687624278, -0.18632829736586676)
  (0.4235515394535528, -0.2657143079070555)
  (0.4819292903374254, -0.1332072036898364)
  (0.3982051255475468, -0.08068299723566894)
  (0.39527497565290604, 0.03845829998832895)
  (0.3539331687624278, -0.18632829736586676)
Piece 15:
  (0.39527497565290604, 0.03845829998832895)
  (0.3982051255475468, -0.08068299723566894)
  (0.4819292903374254, -0.1332072036898364)
  (0.4981165576507347, -0.04335775587115025)
  (0.4491176374244686, 0.01717950891698533)
  (0.4377056876623259, 0.0858852918358179)
  (0.4245621430076743, 0.18075583239468546)
  (0.39527497565290604, 0.03845829998832895)
Piece 16:
  (-0.44533384936728443, 0.22732743478893347)
  (-0.38259048659015676, 0.19529913123549664)
  (-0.3149398903646829, 0.24293207917939694)
  (-0.2400267156079063, 0.23937899982345615)
  (-0.354030746610121, 0.35307538919426307)
  (-0.44533384936728443, 0.22732743478893347)
Piece 17:
  (0.4981165576507347, -0.04335775587115025)
  (0.4491176374244686, 0.01717950891698533)
  (0.4377056876623259, 0.0858852918358179)
  (0.4245621430076743, 0.18075583239468546)
  (0.4600417484237565, 0.19586114905006846)
  (0.4981165576507347, -0.04335775587115025)
Piece 18:
  (-0.2400267156079063, 0.23937899982345615)
  (-0.354030746610121, 0.35307538919426307)
  (-0.2750591533403065, 0.4175433656085482)
  (-0.19114406260380634, 0.3338547210352843)
  (-0.18621748121761356, 0.24107611201484952)
  (-0.15941482844690189, 0.14008703334904798)
  (-0.2400267156079063, 0.23937899982345615)
Piece 19:
  (-0.19114406260380634, 0.3338547210352843)
  (-0.2750591533403065, 0.4175433656085482)
  (-0.14347034460304506, 0.47897417489827515)
  (-0.05049189902979019, 0.3378316874651217)
  (-0.19114406260380634, 0.3338547210352843)
Piece 20:
  (-0.05049189902979019, 0.3378316874651217)
  (-0.14347034460304506, 0.47897417489827515)
  (-0.07459194141876817, 0.49440473528818374)
  (-0.05104048608186489, 0.41577845946192904)
  (0.020550551701665414, 0.34488009804701447)
  (0.05472161019683929, 0.24980663718384832)
  (-0.0003489660729830493, 0.17800208632205095)
  (-0.05049189902979019, 0.3378316874651217)
Piece 21:
  (-0.05104048608186489, 0.41577845946192904)
  (-0.07459194141876817, 0.49440473528818374)
  (0.03684378432077665, 0.49864068782734133)
  (0.05405076446597782, 0.38459066711482603)
  (0.14825070691415965, 0.29002664135741907)
  (-0.05104048608186489, 0.41577845946192904)
Piece 22:
  (0.4245621430076743, 0.18075583239468546)
  (0.4600417484237565, 0.19586114905006846)
  (0.4115489847836642, 0.2839497017493333)
  (0.30475933356372986, 0.23848438503349878)
  (0.27328754284342927, 0.16024447794939786)
  (0.30215837471715185, 0.043869055637745694)
  (0.4245621430076743, 0.18075583239468546)
Piece 23:
  (0.14825070691415965, 0.29002664135741907)
  (0.05405076446597782, 0.38459066711482603)
  (0.03684378432077665, 0.49864068782734133)
  (0.13123037044857264, 0.4824713358034137)
  (0.1114305317665123, 0.40967679453242506)
  (0.13987274663577323, 0.339158825330532)
  (0.21075712666588742, 0.32867002125546046)
  (0.14825070691415965, 0.29002664135741907)
Piece 24:
  (0.30475933356372986, 0.23848438503349878)
  (0.4115489847836642, 0.2839497017493333)
  (0.3065675184466482, 0.39498905887817204)
  (0.17218155400047755, 0.3022689795324647)
  (0.30475933356372986, 0.23848438503349878)
Piece 25:
  (0.13123037044857264, 0.4824713358034137)
  (0.03684378432077666, 0.4986406878273414)
  (0.13123037044857264, 0.4824713358034137)
  (0.13123037044857264, 0.4824713358034137)
Piece 26:
  (0.13123037044857264, 0.4824713358034137)
  (0.03684378432077666, 0.4986406878273414)
  (0.13123037044857264, 0.4824713358034137)
  (0.13123037044857264, 0.4824713358034137)
Piece 27:
  (0.13123037044857264, 0.4824713358034137)
  (0.03684378432077666, 0.4986406878273414)
  (0.13123037044857264, 0.4824713358034137)
  (0.13123037044857264, 0.4824713358034137)
Piece 28:
  (0.13123037044857264, 0.4824713358034137)
  (0.1114305317665123, 0.40967679453242506)
  (0.13987274663577323, 0.339158825330532)
  (0.21075712666588742, 0.32867002125546046)
  (0.2698976927229265, 0.4208981295549325)
  (0.13123037044857264, 0.4824713358034137)
Piece 29:
  (0.17218155400047755, 0.3022689795324647)
  (0.3065675184466482, 0.39498905887817204)
  (0.2698976927229265, 0.4208981295549325)
  (0.21075712666588742, 0.32867002125546046)
  (0.17218155400047755, 0.3022689795324647)

Available Edges:
Edge 1:
  (-0.24142989236198142, -0.31338997338983143)
  (-0.28339776327925287, -0.21486436968317885)
Edge 2:
  (-0.12466267220809141, -0.34186092208369767)
  (-0.08956841473454062, -0.2145654953750243)
Edge 3:
  (-0.08956841473454062, -0.2145654953750243)
  (-0.24142989236198142, -0.31338997338983143)
Edge 4:
  (-0.011971965048136274, -0.35740772786627995)
  (-0.12466267220809141, -0.34186092208369767)
Edge 5:
  (-0.3924271034256503, -0.12464047449245909)
  (-0.31792791280843785, -0.16780144954137)
Edge 6:
  (-0.31792791280843785, -0.16780144954137)
  (-0.24559327166463607, -0.17920746832462128)
Edge 7:
  (-0.24559327166463607, -0.17920746832462128)
  (-0.28339776327925287, -0.21486436968317885)
Edge 8:
  (0.05020499551618818, -0.3850330836050062)
  (-0.006787614897538298, -0.2944868626426849)
Edge 9:
  (-0.006787614897538298, -0.2944868626426849)
  (-0.011971965048136274, -0.35740772786627995)
Edge 10:
  (-0.26091847978476745, -0.03741042183936399)
  (-0.3924271034256503, -0.12464047449245909)
Edge 11:
  (-0.4245507883270234, 0.029835235512602636)
  (-0.34717701924244415, 0.04344867434847137)
Edge 12:
  (-0.34717701924244415, 0.04344867434847137)
  (-0.2941377008527677, 0.0705014687351515)
Edge 13:
  (-0.2941377008527677, 0.0705014687351515)
  (-0.21862692161273684, 0.05047734016570224)
Edge 14:
  (-0.21862692161273684, 0.05047734016570224)
  (-0.26091847978476745, -0.03741042183936399)
Edge 15:
  (0.11121104543342436, -0.27902102053743805)
  (0.016245524240750958, -0.2487566762791134)
Edge 16:
  (0.016245524240750958, -0.2487566762791134)
  (0.05020499551618818, -0.3850330836050062)
Edge 17:
  (0.2004707130764099, -0.31286984328579154)
  (0.19671728455429216, -0.2418732638323722)
Edge 18:
  (0.19671728455429216, -0.2418732638323722)
  (0.12670556490912568, -0.2421314669715588)
Edge 19:
  (0.12670556490912568, -0.2421314669715588)
  (0.11121104543342436, -0.27902102053743805)
Edge 20:
  (-0.2789465112766848, 0.16793335717554275)
  (-0.3469387080961281, 0.11329918927831609)
Edge 21:
  (-0.3469387080961281, 0.11329918927831609)
  (-0.4245507883270234, 0.029835235512602636)
Edge 22:
  (-0.2400267156079063, 0.23937899982345615)
  (-0.28750278175583305, 0.17000207654753563)
Edge 23:
  (-0.28750278175583305, 0.17000207654753563)
  (-0.2789465112766848, 0.16793335717554275)
Edge 24:
  (0.25710773627936706, -0.2931806254566225)
  (0.2004707130764099, -0.31286984328579154)
Edge 25:
  (0.3539331687624278, -0.18632829736586676)
  (0.3447048394472017, -0.07607888240933461)
Edge 26:
  (0.3447048394472017, -0.07607888240933461)
  (0.25710773627936706, -0.2931806254566225)
Edge 27:
  (0.39527497565290604, 0.03845829998832895)
  (0.3539331687624278, -0.18632829736586676)
Edge 28:
  (0.4245621430076743, 0.18075583239468546)
  (0.39527497565290604, 0.03845829998832895)
Edge 29:
  (-0.19114406260380634, 0.3338547210352843)
  (-0.18621748121761356, 0.24107611201484952)
Edge 30:
  (-0.18621748121761356, 0.24107611201484952)
  (-0.15941482844690189, 0.14008703334904798)
Edge 31:
  (-0.15941482844690189, 0.14008703334904798)
  (-0.2400267156079063, 0.23937899982345615)
Edge 32:
  (-0.05049189902979019, 0.3378316874651217)
  (-0.19114406260380634, 0.3338547210352843)
Edge 33:
  (-0.05104048608186489, 0.41577845946192904)
  (0.020550551701665414, 0.34488009804701447)
Edge 34:
  (0.020550551701665414, 0.34488009804701447)
  (0.05472161019683929, 0.24980663718384832)
Edge 35:
  (0.05472161019683929, 0.24980663718384832)
  (-0.0003489660729830493, 0.17800208632205095)
Edge 36:
  (-0.0003489660729830493, 0.17800208632205095)
  (-0.05049189902979019, 0.3378316874651217)
Edge 37:
  (0.14825070691415965, 0.29002664135741907)
  (-0.05104048608186489, 0.41577845946192904)
Edge 38:
  (0.30475933356372986, 0.23848438503349878)
  (0.27328754284342927, 0.16024447794939786)
Edge 39:
  (0.27328754284342927, 0.16024447794939786)
  (0.30215837471715185, 0.043869055637745694)
Edge 40:
  (0.30215837471715185, 0.043869055637745694)
  (0.4245621430076743, 0.18075583239468546)
Edge 41:
  (0.21075712666588742, 0.32867002125546046)
  (0.14825070691415965, 0.29002664135741907)
Edge 42:
  (0.17218155400047755, 0.3022689795324647)
  (0.30475933356372986, 0.23848438503349878)
Edge 43:
  (0.21075712666588742, 0.32867002125546046)
  (0.17218155400047755, 0.3022689795324647)
