Pieces:
Piece 1:
  (0.2700739988785999, 0.42078502246363525)
  (0.18857164138205212, 0.4630774622743788)
  (0.15625146386189664, 0.3837084454031308)
  (0.19329677378463847, 0.30877908120581526)
  (0.23905481744349694, 0.24658724956027595)
  (0.32748783563819117, 0.1984330744975782)
  (0.3123124817871737, 0.28986840838723893)
  (0.2700739988785999, 0.42078502246363525)
Piece 2:
  (0.15625146386189664, 0.3837084454031308)
  (0.18857164138205212, 0.4630774622743788)
  (0.07438456213601945, 0.49443597858148697)
  (0.03585176654065437, 0.39981056689253014)
  (0.011797829053941482, 0.28011384462128885)
  (0.15625146386189664, 0.3837084454031308)
Piece 3:
  (0.03585176654065437, 0.39981056689253014)
  (0.07438456213601945, 0.49443597858148697)
  (-0.03734620076523492, 0.4986033105469746)
  (-0.056407882868495914, 0.3718998498624721)
  (-0.030804000479283406, 0.26838944933408654)
  (0.03585176654065437, 0.39981056689253014)
Piece 4:
  (-0.056407882868495914, 0.3718998498624721)
  (-0.03734620076523492, 0.4986033105469746)
  (-0.22261088640162752, 0.44771016657596874)
  (-0.212238526774374, 0.30923040846502653)
  (-0.056407882868495914, 0.3718998498624721)
Piece 5:
  (0.32748783563819117, 0.1984330744975782)
  (0.3123124817871737, 0.28986840838723893)
  (0.2700739988785999, 0.42078502246363525)
  (0.34796718029192886, 0.35905270008688733)
  (0.381207342572626, 0.2770216670431614)
  (0.3732607200154423, 0.17891437210532132)
  (0.37840382228880093, 0.08517659998297747)
  (0.32748783563819117, 0.1984330744975782)
Piece 6:
  (-0.212238526774374, 0.30923040846502653)
  (-0.22261088640162752, 0.44771016657596874)
  (-0.3172952890111509, 0.3864242481668693)
  (-0.25600285924362065, 0.26315424828214584)
  (-0.2787637273847105, 0.1541273867262139)
  (-0.212238526774374, 0.30923040846502653)
Piece 7:
  (-0.25600285924362065, 0.26315424828214584)
  (-0.3172952890111509, 0.3864242481668693)
  (-0.3958383137099336, 0.3054701775939448)
  (-0.3073731922074029, 0.19773120620188978)
  (-0.2970867171564374, 0.06635841162607631)
  (-0.2787637273847105, 0.1541273867262139)
  (-0.25600285924362065, 0.26315424828214584)
Piece 8:
  (-0.3073731922074029, 0.19773120620188978)
  (-0.3958383137099336, 0.3054701775939448)
  (-0.4641395633900609, 0.18594210307534878)
  (-0.35557144437193733, 0.10215960540179302)
  (-0.3073731922074029, 0.19773120620188978)
Piece 9:
  (-0.35557144437193733, 0.10215960540179302)
  (-0.4641395633900609, 0.18594210307534878)
  (-0.48955160614210746, 0.10168197934581555)
  (-0.41909665127016466, 0.0734565413217827)
  (-0.3793291826613027, -0.0030628418829860976)
  (-0.2825453835707965, -0.01875567810357639)
  (-0.22514747835390478, 0.025045242422311008)
  (-0.35557144437193733, 0.10215960540179302)
Piece 10:
  (-0.3793291826613027, -0.0030628418829860976)
  (-0.41909665127016466, 0.0734565413217827)
  (-0.48955160614210746, 0.10168197934581555)
  (-0.4997474213632696, 0.01589071555225497)
  (-0.42647499961480057, -0.03531865121766108)
  (-0.38381924909396475, -0.09112963729125986)
  (-0.31350464335676237, -0.08167829420336899)
  (-0.3793291826613027, -0.0030628418829860976)
Piece 11:
  (-0.38381924909396475, -0.09112963729125986)
  (-0.42647499961480057, -0.03531865121766108)
  (-0.4997474213632696, 0.01589071555225497)
  (-0.49356637293384154, -0.07995145720330601)
  (-0.4376567939827749, -0.15205513383022157)
  (-0.3547966531283512, -0.22429571263064624)
  (-0.38381924909396475, -0.09112963729125986)
Piece 12:
  (0.34796718029192886, 0.35905270008688733)
  (0.381207342572626, 0.2770216670431614)
  (0.3732607200154423, 0.17891437210532132)
  (0.37840382228880093, 0.08517659998297747)
  (0.37840382228880093, 0.08517659998297747)
  (0.48779500940358944, 0.10979994900250226)
  (0.34796718029192886, 0.35905270008688733)
Piece 13:
  (-0.49356637293384154, -0.07995145720330601)
  (-0.4376567939827749, -0.15205513383022157)
  (-0.3547966531283512, -0.22429571263064624)
  (-0.3547966531283512, -0.22429571263064624)
  (-0.4226295289489276, -0.267178369746519)
  (-0.49356637293384154, -0.07995145720330601)
Piece 14:
  (-0.3547966531283512, -0.22429571263064624)
  (-0.4226295289489276, -0.267178369746519)
  (-0.32672685600504164, -0.37848323815601237)
  (-0.2293027997524796, -0.3168935981978489)
  (-0.20779542458035571, -0.20498999997933598)
  (-0.3547966531283512, -0.22429571263064624)
Piece 15:
  (-0.20779542458035571, -0.20498999997933598)
  (-0.2293027997524796, -0.3168935981978489)
  (-0.32672685600504164, -0.37848323815601237)
  (-0.2483793576283095, -0.43394434516899555)
  (-0.19978297528780115, -0.34904145503473716)
  (-0.14897757215656093, -0.300809026650634)
  (-0.11965311133873122, -0.2190641779866368)
  (-0.20779542458035571, -0.20498999997933598)
Piece 16:
  (0.37840382228880093, 0.08517659998297747)
  (0.48779500940358944, 0.10979994900250226)
  (0.4988912078099086, 0.03328006565454195)
  (0.42280737292050175, 0.01615401674111452)
  (0.3796709803709858, -0.041998823319390796)
  (0.34391877953658756, -0.08681153984669925)
  (0.27468560801374914, -0.03837375700158241)
  (0.2447921855405826, 0.037762405873673466)
  (0.37840382228880093, 0.08517659998297747)
Piece 17:
  (-0.19978297528780115, -0.34904145503473716)
  (-0.2483793576283095, -0.43394434516899555)
  (-0.14542231733677818, -0.4783851477840856)
  (-0.08634849317571154, -0.3751770865869715)
  (0.025592392022785473, -0.3432430041157805)
  (-0.07876653309885596, -0.30084680775496414)
  (-0.19978297528780115, -0.34904145503473716)
Piece 18:
  (0.025592392022785473, -0.3432430041157805)
  (-0.08634849317571154, -0.3751770865869715)
  (-0.14542231733677818, -0.4783851477840856)
  (-0.0399124358035048, -0.4984044516938338)
  (-0.03344759537373759, -0.41767509542128806)
  (0.04172461451902741, -0.3862848267201374)
  (0.025592392022785473, -0.3432430041157805)
Piece 19:
  (0.04172461451902741, -0.3862848267201374)
  (-0.03344759537373759, -0.41767509542128806)
  (-0.0399124358035048, -0.4984044516938338)
  (0.10407982783663829, -0.4890474306624008)
  (0.07356141667592785, -0.3456483601963149)
  (0.04172461451902741, -0.3862848267201374)
Piece 20:
  (0.07356141667592785, -0.3456483601963149)
  (0.10407982783663829, -0.4890474306624008)
  (0.1896368707774271, -0.4626422562215274)
  (0.1732963826530415, -0.3858620203285242)
  (0.23274913011354217, -0.30821445552703164)
  (0.20947965011350936, -0.22620485865858891)
  (0.11977145027799349, -0.2112637587534209)
  (0.07356141667592785, -0.3456483601963149)
Piece 21:
  (0.3796709803709858, -0.041998823319390796)
  (0.42280737292050175, 0.01615401674111452)
  (0.4988912078099086, 0.03328006565454195)
  (0.4972816821084675, -0.052066578909825446)
  (0.4337448578629021, -0.10397340052893497)
  (0.3739998537648847, -0.17956911666672737)
  (0.3025407400896531, -0.13867582537082898)
  (0.34391877953658756, -0.08681153984669925)
  (0.3796709803709858, -0.041998823319390796)
Piece 22:
  (0.23274913011354217, -0.30821445552703164)
  (0.1732963826530415, -0.3858620203285242)
  (0.1896368707774271, -0.4626422562215274)
  (0.2781899084584749, -0.4154640475803717)
  (0.3097645078484271, -0.3321488307936974)
  (0.3199224712321818, -0.24314337671468444)
  (0.264868852307368, -0.2013022307827129)
  (0.23274913011354217, -0.30821445552703164)
Piece 23:
  (0.4972816821084675, -0.052066578909825446)
  (0.4337448578629021, -0.10397340052893497)
  (0.3739998537648847, -0.17956911666672737)
  (0.3739998537648847, -0.17956911666672737)
  (0.45073840033961166, -0.2164137113477054)
  (0.4972816821084675, -0.052066578909825446)
Piece 24:
  (0.2781899084584749, -0.4154640475803717)
  (0.3097645078484271, -0.3321488307936974)
  (0.30501212940950784, -0.2627620620651965)
  (0.264868852307368, -0.2013022307827129)
  (0.264868852307368, -0.2013022307827129)
  (0.3980797192094881, -0.30254344672145045)
  (0.2781899084584749, -0.4154640475803717)
Piece 25:
  (0.3739998537648847, -0.17956911666672737)
  (0.45073840033961166, -0.2164137113477054)
  (0.3980797192094881, -0.30254344672145045)
  (0.3199224712321818, -0.24314337671468444)
  (0.264868852307368, -0.2013022307827129)
  (0.3739998537648847, -0.17956911666672737)

Available Edges:
Edge 1:
  (0.15625146386189664, 0.3837084454031308)
  (0.19329677378463847, 0.30877908120581526)
Edge 2:
  (0.19329677378463847, 0.30877908120581526)
  (0.23905481744349694, 0.24658724956027595)
Edge 3:
  (0.23905481744349694, 0.24658724956027595)
  (0.32748783563819117, 0.1984330744975782)
Edge 4:
  (0.03585176654065437, 0.39981056689253014)
  (0.011797829053941482, 0.28011384462128885)
Edge 5:
  (0.011797829053941482, 0.28011384462128885)
  (0.15625146386189664, 0.3837084454031308)
Edge 6:
  (-0.056407882868495914, 0.3718998498624721)
  (-0.030804000479283406, 0.26838944933408654)
Edge 7:
  (-0.030804000479283406, 0.26838944933408654)
  (0.03585176654065437, 0.39981056689253014)
Edge 8:
  (-0.212238526774374, 0.30923040846502653)
  (-0.056407882868495914, 0.3718998498624721)
Edge 9:
  (0.37840382228880093, 0.08517659998297747)
  (0.32748783563819117, 0.1984330744975782)
Edge 10:
  (-0.26330877169637246, 0.15090095056609215)
  (-0.212238526774374, 0.30923040846502653)
Edge 11:
  (-0.3073731922074029, 0.19773120620188978)
  (-0.2970867171564374, 0.06635841162607631)
Edge 12:
  (-0.35557144437193733, 0.10215960540179302)
  (-0.3073731922074029, 0.19773120620188978)
Edge 13:
  (-0.3793291826613027, -0.0030628418829860976)
  (-0.2825453835707965, -0.01875567810357639)
Edge 14:
  (-0.2825453835707965, -0.01875567810357639)
  (-0.22514747835390478, 0.025045242422311008)
Edge 15:
  (-0.22514747835390478, 0.025045242422311008)
  (-0.35557144437193733, 0.10215960540179302)
Edge 16:
  (-0.38381924909396475, -0.09112963729125986)
  (-0.31350464335676237, -0.08167829420336899)
Edge 17:
  (-0.31350464335676237, -0.08167829420336899)
  (-0.3793291826613027, -0.0030628418829860976)
Edge 18:
  (-0.3547966531283512, -0.22429571263064624)
  (-0.38381924909396475, -0.09112963729125986)
Edge 19:
  (-0.20779542458035571, -0.20498999997933598)
  (-0.3547966531283512, -0.22429571263064624)
Edge 20:
  (-0.19978297528780115, -0.34904145503473716)
  (-0.14897757215656093, -0.300809026650634)
Edge 21:
  (-0.14897757215656093, -0.300809026650634)
  (-0.11965311133873122, -0.2190641779866368)
Edge 22:
  (-0.11965311133873122, -0.2190641779866368)
  (-0.20779542458035571, -0.20498999997933598)
Edge 23:
  (0.32670045763222005, -0.07307452610460377)
  (0.27468560801374914, -0.03837375700158241)
Edge 24:
  (0.27468560801374914, -0.03837375700158241)
  (0.2447921855405826, 0.037762405873673466)
Edge 25:
  (0.2447921855405826, 0.037762405873673466)
  (0.37840382228880093, 0.08517659998297747)
Edge 26:
  (0.025592392022785473, -0.3432430041157805)
  (-0.07876653309885596, -0.30084680775496414)
Edge 27:
  (-0.07876653309885596, -0.30084680775496414)
  (-0.19978297528780115, -0.34904145503473716)
Edge 28:
  (0.04172461451902741, -0.3862848267201374)
  (0.025592392022785473, -0.3432430041157805)
Edge 29:
  (0.07356141667592785, -0.3456483601963149)
  (0.04172461451902741, -0.3862848267201374)
Edge 30:
  (0.23274913011354217, -0.30821445552703164)
  (0.20947965011350936, -0.22620485865858891)
Edge 31:
  (0.20947965011350936, -0.22620485865858891)
  (0.11977145027799349, -0.2112637587534209)
Edge 32:
  (0.11977145027799349, -0.2112637587534209)
  (0.07356141667592785, -0.3456483601963149)
Edge 33:
  (0.3739998537648847, -0.17956911666672737)
  (0.3025407400896531, -0.13867582537082898)
Edge 34:
  (0.264868852307368, -0.2013022307827129)
  (0.23274913011354217, -0.30821445552703164)
Edge 35:
  (0.264868852307368, -0.2013022307827129)
  (0.3739998537648847, -0.17956911666672737)
