Pieces:
Piece 1:
  (0.307808473564032, -0.3940227704107728)
  (0.4230091202055555, -0.26657697616808906)
  (0.29652066189381376, -0.1868649578538687)
  (0.15979016348323768, -0.2297776387874671)
  (0.307808473564032, -0.3940227704107728)
Piece 2:
  (0.15979016348323768, -0.2297776387874671)
  (0.307808473564032, -0.3940227704107728)
  (0.18856007899807598, -0.4630821704711156)
  (0.10623454459041158, -0.3576980178931738)
  (-0.03161016290827963, -0.3132540545479947)
  (0.15979016348323768, -0.2297776387874671)
Piece 3:
  (0.10623454459041158, -0.3576980178931738)
  (0.18856007899807598, -0.4630821704711156)
  (0.06737921596540349, -0.4954392407307757)
  (0.02553693277123449, -0.39267933830614543)
  (-0.09237160681060505, -0.351045087478942)
  (0.10623454459041158, -0.3576980178931738)
Piece 4:
  (0.29652066189381376, -0.1868649578538687)
  (0.4230091202055555, -0.26657697616808906)
  (0.4567684203858132, -0.2033779981665888)
  (0.393157559297295, -0.16329094048758316)
  (0.33830426371810257, -0.09974042027217392)
  (0.27175662890926117, -0.05327969115089556)
  (0.20151556094804055, -0.0704132580829673)
  (0.16463828594861502, -0.13872659618829772)
  (0.29652066189381376, -0.1868649578538687)
Piece 5:
  (0.33830426371810257, -0.09974042027217392)
  (0.393157559297295, -0.16329094048758316)
  (0.4567684203858132, -0.2033779981665888)
  (0.48370807248020437, -0.12659581595568375)
  (0.4197300132151497, -0.10985151277630657)
  (0.40284089926675437, -0.048283120804680044)
  (0.3423086165500246, -0.006119035126282479)
  (0.28198396532509085, 0.03315290227252334)
  (0.33830426371810257, -0.09974042027217392)
Piece 6:
  (-0.09237160681060505, -0.351045087478942)
  (0.02553693277123449, -0.39267933830614543)
  (0.06737921596540349, -0.4954392407307757)
  (-0.030476228619775503, -0.49907033521249805)
  (-0.02523747043142769, -0.4132818724149901)
  (-0.09416145093083451, -0.4908945661774645)
  (-0.09237160681060505, -0.351045087478942)
Piece 7:
  (-0.09237160681060505, -0.351045087478942)
  (-0.09416145093083451, -0.4908945661774645)
  (-0.2324214582969167, -0.44269658426865527)
  (-0.20907742082418773, -0.3209964507774752)
  (-0.07336774917309433, -0.26881191908068985)
  (-0.09237160681060505, -0.351045087478942)
Piece 8:
  (-0.20907742082418773, -0.3209964507774752)
  (-0.2324214582969167, -0.44269658426865527)
  (-0.32676558092601515, -0.378449805287417)
  (-0.2838674019348047, -0.2967410101963306)
  (-0.18981123772271313, -0.22858043848603682)
  (-0.07409991006502074, -0.2012700064977408)
  (-0.20907742082418773, -0.3209964507774752)
Piece 9:
  (-0.18981123772271313, -0.22858043848603682)
  (-0.2838674019348047, -0.2967410101963306)
  (-0.32676558092601515, -0.378449805287417)
  (-0.37566748850622045, -0.3299605098787258)
  (-0.32379696484636383, -0.2844010059074382)
  (-0.2842661564838132, -0.20548336695290717)
  (-0.31069607284246714, -0.13654088216104854)
  (-0.18981123772271313, -0.22858043848603682)
Piece 10:
  (0.48370807248020437, -0.12659581595568375)
  (0.4197300132151497, -0.10985151277630657)
  (0.40284089926675437, -0.048283120804680044)
  (0.3423086165500246, -0.006119035126282479)
  (0.28198396532509085, 0.03315290227252334)
  (0.4965797314387261, 0.058382962619609256)
  (0.48370807248020437, -0.12659581595568375)
Piece 11:
  (-0.030476228619775503, -0.49907033521249805)
  (-0.02523747043142769, -0.4132818724149901)
  (-0.09416145093083451, -0.4908945661774645)
  (-0.030476228619775503, -0.49907033521249805)
Piece 12:
  (0.28198396532509085, 0.03315290227252334)
  (0.4965797314387261, 0.058382962619609256)
  (0.4526154510815186, 0.2124600043355771)
  (0.30341088391195015, 0.19491799825631617)
  (0.28198396532509085, 0.03315290227252334)
Piece 13:
  (0.30341088391195015, 0.19491799825631617)
  (0.4526154510815186, 0.2124600043355771)
  (0.41653415286100304, 0.2765850673850028)
  (0.34586772364254076, 0.24341388460222557)
  (0.2862273741286814, 0.28171126023849197)
  (0.24055294427130997, 0.3370863175417325)
  (0.18215730074125014, 0.3143609995261887)
  (0.25004563434267785, 0.2652695373083391)
  (0.30341088391195015, 0.19491799825631617)
Piece 14:
  (-0.37566748850622045, -0.3299605098787258)
  (-0.32379696484636383, -0.2844010059074382)
  (-0.2842661564838132, -0.20548336695290717)
  (-0.31069607284246714, -0.13654088216104854)
  (-0.4577472947742804, -0.20116514143068645)
  (-0.37566748850622045, -0.3299605098787258)
Piece 15:
  (0.41653415286100304, 0.2765850673850028)
  (0.34586772364254076, 0.24341388460222557)
  (0.2862273741286814, 0.28171126023849197)
  (0.24055294427130997, 0.3370863175417325)
  (0.18215730074125014, 0.3143609995261887)
  (0.2506818222369813, 0.4326183352563163)
  (0.41653415286100304, 0.2765850673850028)
Piece 16:
  (-0.31069607284246714, -0.13654088216104854)
  (-0.4577472947742804, -0.20116514143068645)
  (-0.48805417310118226, -0.10864218388140605)
  (-0.3824084264073744, -0.062214292733103346)
  (-0.3131210729135804, -0.012526992346890274)
  (-0.23329196691538287, -0.051622934399912376)
  (-0.31069607284246714, -0.13654088216104854)
Piece 17:
  (-0.3824084264073744, -0.062214292733103346)
  (-0.48805417310118226, -0.10864218388140605)
  (-0.49945497759346386, 0.023339352114240337)
  (-0.39794203415979906, 0.04593640890567269)
  (-0.3411163328969826, 0.16956000690507117)
  (-0.3824084264073744, -0.062214292733103346)
Piece 18:
  (0.18215730074125014, 0.3143609995261887)
  (0.2506818222369813, 0.4326183352563163)
  (0.16709903400176832, 0.4712514327147196)
  (0.12150341891880317, 0.392564039603572)
  (0.09456446031270699, 0.2984005926976778)
  (0.16640830334874301, 0.23325321889650177)
  (0.2527974208290638, 0.22195935482922502)
  (0.18215730074125014, 0.3143609995261887)
Piece 19:
  (0.09456446031270699, 0.2984005926976778)
  (0.12150341891880317, 0.392564039603572)
  (0.16709903400176832, 0.4712514327147196)
  (0.0731272632704424, 0.4946234965775235)
  (0.06089481542640882, 0.411884777066826)
  (-0.01934815629844771, 0.36617658828805577)
  (0.09456446031270699, 0.2984005926976778)
Piece 20:
  (-0.3411163328969826, 0.16956000690507117)
  (-0.39794203415979906, 0.04593640890567269)
  (-0.49945497759346386, 0.023339352114240337)
  (-0.4832169672476183, 0.1284576294503919)
  (-0.39438536560274456, 0.18250545757817435)
  (-0.3624563925306411, 0.26448790355872426)
  (-0.3411163328969826, 0.16956000690507117)
Piece 21:
  (-0.01934815629844771, 0.36617658828805577)
  (0.06089481542640882, 0.411884777066826)
  (0.0731272632704424, 0.4946234965775235)
  (-0.06127418339937429, 0.49623127113145526)
  (-0.04675699909145159, 0.3786633098349908)
  (-0.01934815629844771, 0.36617658828805577)
Piece 22:
  (-0.01934815629844771, 0.36617658828805577)
  (-0.04675699909145159, 0.3786633098349908)
  (-0.06127418339937429, 0.49623127113145526)
  (-0.1587052642818078, 0.4741441121528786)
  (-0.12651916691506515, 0.3779856852180159)
  (-0.1651491189365594, 0.31856474923768935)
  (-0.08312280605177293, 0.3432174672118349)
  (-0.01934815629844771, 0.36617658828805577)
Piece 23:
  (-0.1651491189365594, 0.31856474923768935)
  (-0.12651916691506515, 0.3779856852180159)
  (-0.1587052642818078, 0.4741441121528786)
  (-0.2623501872552105, 0.425643488435047)
  (-0.2111382164236124, 0.34255590941536657)
  (-0.14894487171068121, 0.2628376746312746)
  (-0.1651491189365594, 0.31856474923768935)
Piece 24:
  (-0.2111382164236124, 0.34255590941536657)
  (-0.2623501872552105, 0.425643488435047)
  (-0.33686694336539835, 0.3694870261154693)
  (-0.29033255776986544, 0.2939884780706143)
  (-0.21161584737522574, 0.2508368659859315)
  (-0.13978301143753297, 0.15617404846758418)
  (-0.2111382164236124, 0.34255590941536657)
Piece 25:
  (-0.4832169672476183, 0.1284576294503919)
  (-0.49945497759346386, 0.023339352114240337)
  (-0.4832169672476183, 0.1284576294503919)
  (-0.4832169672476183, 0.1284576294503919)
Piece 26:
  (-0.33686694336539835, 0.3694870261154693)
  (-0.29033255776986544, 0.2939884780706143)
  (-0.3513344371253487, 0.35575850417075683)
  (-0.33686694336539835, 0.3694870261154693)
Piece 27:
  (-0.4832169672476183, 0.1284576294503919)
  (-0.39438536560274456, 0.18250545757817435)
  (-0.3624563925306411, 0.26448790355872426)
  (-0.4038993483210957, 0.29472922560512077)
  (-0.4832169672476183, 0.1284576294503919)
Piece 28:
  (-0.29033255776986544, 0.2939884780706143)
  (-0.3513344371253487, 0.35575850417075683)
  (-0.4038993483210957, 0.29472922560512077)
  (-0.3624563925306411, 0.26448790355872426)
  (-0.29033255776986544, 0.2939884780706143)
Piece 29:
  (-0.3131210729135804, -0.012526992346890274)
  (-0.3824084264073744, -0.062214292733103346)
  (-0.3411163328969826, 0.16956000690507117)
  (-0.3624563925306411, 0.26448790355872426)
  (-0.29033255776986544, 0.2939884780706143)
  (-0.3131210729135804, -0.012526992346890274)
Piece 30:
  (-0.21161584737522574, 0.2508368659859315)
  (-0.29033255776986544, 0.2939884780706143)
  (-0.3131210729135804, -0.012526992346890274)
  (-0.21161584737522574, 0.2508368659859315)
Piece 31:
  (-0.08312280605177293, 0.3432174672118349)
  (-0.1651491189365594, 0.31856474923768935)
  (-0.14894487171068121, 0.2628376746312746)
  (-0.2111382164236124, 0.34255590941536657)
  (-0.13978301143753297, 0.15617404846758418)
  (-0.08312280605177293, 0.3432174672118349)
Piece 32:
  (-0.03161016290827963, -0.3132540545479947)
  (0.10623454459041158, -0.3576980178931738)
  (-0.09237160681060505, -0.351045087478942)
  (-0.07336774917309433, -0.26881191908068985)
  (-0.20907742082418773, -0.3209964507774752)
  (-0.07409991006502074, -0.2012700064977408)
  (-0.03161016290827963, -0.3132540545479947)
Piece 33:
  (0.09456446031270699, 0.2984005926976778)
  (-0.01934815629844771, 0.36617658828805577)
  (-0.08312280605177293, 0.3432174672118349)
  (-0.13978301143753297, 0.15617404846758418)
  (0.09456446031270699, 0.2984005926976778)
Piece 34:
  (0.16640830334874301, 0.23325321889650177)
  (0.2527974208290638, 0.22195935482922502)
  (0.18215730074125014, 0.3143609995261887)
  (0.25004563434267785, 0.2652695373083391)
  (0.30341088391195015, 0.19491799825631617)
  (0.28198396532509085, 0.03315290227252334)
  (0.16640830334874301, 0.23325321889650177)
Piece 35:
  (0.27175662890926117, -0.05327969115089556)
  (0.33830426371810257, -0.09974042027217392)
  (0.28198396532509085, 0.03315290227252334)
  (0.16640830334874301, 0.23325321889650177)
  (0.09456446031270699, 0.2984005926976778)
  (0.27175662890926117, -0.05327969115089556)
Piece 36:
  (-0.03161016290827963, -0.3132540545479947)
  (0.15979016348323768, -0.2297776387874671)
  (0.29652066189381376, -0.1868649578538687)
  (0.16463828594861502, -0.13872659618829772)
  (-0.03161016290827963, -0.3132540545479947)
Piece 37:
  (-0.07409991006502074, -0.2012700064977408)
  (-0.18981123772271313, -0.22858043848603682)
  (-0.31069607284246714, -0.13654088216104854)
  (-0.23329196691538287, -0.051622934399912376)
  (-0.07409991006502074, -0.2012700064977408)
Piece 38:
  (-0.13978301143753297, 0.15617404846758418)
  (-0.21161584737522574, 0.2508368659859315)
  (-0.3131210729135804, -0.012526992346890274)
  (-0.13978301143753297, 0.15617404846758418)
Piece 39:
  (-0.07409991006502074, -0.2012700064977408)
  (-0.03161016290827963, -0.3132540545479947)
  (0.16463828594861502, -0.13872659618829772)
  (-0.07409991006502074, -0.2012700064977408)
Piece 40:
  (-0.23329196691538287, -0.051622934399912376)
  (-0.3131210729135804, -0.012526992346890274)
  (-0.13978301143753297, 0.15617404846758418)
  (-0.23329196691538287, -0.051622934399912376)
Piece 41:
  (-0.13978301143753297, 0.15617404846758418)
  (0.09456446031270699, 0.2984005926976778)
  (0.27175662890926117, -0.05327969115089556)
  (-0.13978301143753297, 0.15617404846758418)
Piece 42:
  (0.16463828594861502, -0.13872659618829772)
  (0.20151556094804055, -0.0704132580829673)
  (0.27175662890926117, -0.05327969115089556)
  (-0.13978301143753297, 0.15617404846758418)
  (0.16463828594861502, -0.13872659618829772)
Piece 43:
  (-0.07409991006502074, -0.2012700064977408)
  (-0.23329196691538287, -0.051622934399912376)
  (-0.13978301143753297, 0.15617404846758418)
  (-0.07409991006502074, -0.2012700064977408)
Piece 44:
  (-0.07409991006502074, -0.2012700064977408)
  (0.16463828594861502, -0.13872659618829772)
  (-0.13978301143753297, 0.15617404846758418)
  (-0.07409991006502074, -0.2012700064977408)

Available Edges:
