Pieces:
Piece 1:
  (0.3313197669369438, -0.3744692404415204)
  (0.41145248552070013, -0.28408951434158575)
  (0.2966263182860731, -0.20480718835901557)
  (0.26014074057970904, -0.09169662912169936)
  (0.22529402667582554, -0.22189917943997062)
  (0.3313197669369438, -0.3744692404415204)
Piece 2:
  (0.22529402667582554, -0.22189917943997062)
  (0.3313197669369438, -0.3744692404415204)
  (0.2443553255073118, -0.43622296465937654)
  (0.1721540995808803, -0.3546186025605614)
  (0.15260274660972328, -0.2517360555443741)
  (0.04415335139063417, -0.21578455376779543)
  (0.22529402667582554, -0.22189917943997062)
Piece 3:
  (0.1721540995808803, -0.3546186025605614)
  (0.2443553255073118, -0.43622296465937654)
  (0.10418697918575263, -0.48902461427636496)
  (0.02589553771714337, -0.3492587850111834)
  (0.1721540995808803, -0.3546186025605614)
Piece 4:
  (0.2966263182860731, -0.20480718835901557)
  (0.41145248552070013, -0.28408951434158575)
  (0.48759334787614134, -0.11069203723365201)
  (0.33254190281711893, -0.003635958403469211)
  (0.2966263182860731, -0.20480718835901557)
Piece 5:
  (0.02589553771714337, -0.3492587850111834)
  (0.10418697918575263, -0.48902461427636496)
  (-0.012286830173049764, -0.4998490110066225)
  (-0.029999005301262045, -0.4167130022868888)
  (-0.07743284825219557, -0.34387200841833404)
  (-0.015507776189484415, -0.24534847334502646)
  (0.02589553771714337, -0.3492587850111834)
Piece 6:
  (-0.07743284825219557, -0.34387200841833404)
  (-0.029999005301262045, -0.4167130022868888)
  (-0.012286830173049764, -0.4998490110066225)
  (-0.07349149053077988, -0.49456951060448956)
  (-0.1211389323832529, -0.423659602767244)
  (-0.1832929917645086, -0.42044536720676307)
  (-0.13713789730626968, -0.3818492058109435)
  (-0.13049133437121582, -0.31073277859126736)
  (-0.07743284825219557, -0.34387200841833404)
Piece 7:
  (0.33254190281711893, -0.003635958403469211)
  (0.48759334787614134, -0.11069203723365201)
  (0.49940766384802887, -0.024330747827680715)
  (0.39607951461805857, -0.0008734890449919631)
  (0.3212485180274833, 0.06786011944991582)
  (0.20381755453285177, 0.052926931211741135)
  (0.33254190281711893, -0.003635958403469211)
Piece 8:
  (0.3212485180274833, 0.06786011944991582)
  (0.39607951461805857, -0.0008734890449919631)
  (0.49940766384802887, -0.024330747827680715)
  (0.4963503484052564, 0.060302003598392835)
  (0.4491546209273368, 0.09636495591678523)
  (0.36778182456467134, 0.10433847537479354)
  (0.2875507147793825, 0.13518773676060536)
  (0.22148832636207466, 0.13404923562381013)
  (0.3212485180274833, 0.06786011944991582)
Piece 9:
  (0.36778182456467134, 0.10433847537479354)
  (0.4491546209273368, 0.09636495591678523)
  (0.4963503484052564, 0.060302003598392835)
  (0.47478214177728356, 0.15678621702616402)
  (0.40439326789848823, 0.23310219943974608)
  (0.3103292006161475, 0.28593924095068)
  (0.36778182456467134, 0.10433847537479354)
Piece 10:
  (-0.07349149053077988, -0.49456951060448956)
  (-0.1211389323832529, -0.423659602767244)
  (-0.1832929917645086, -0.42044536720676307)
  (-0.19981280336000892, -0.45833922329800053)
  (-0.07349149053077988, -0.49456951060448956)
Piece 11:
  (0.47478214177728356, 0.15678621702616402)
  (0.40439326789848823, 0.23310219943974608)
  (0.3103292006161475, 0.28593924095068)
  (0.36770776516839515, 0.3388082044975657)
  (0.47478214177728356, 0.15678621702616402)
Piece 12:
  (0.3103292006161475, 0.28593924095068)
  (0.36770776516839515, 0.3388082044975657)
  (0.3158975975880177, 0.3875676816223443)
  (0.2713586372810425, 0.34652920867934306)
  (0.20586365154931255, 0.3194678942778114)
  (0.14835581643621393, 0.2543115905906842)
  (0.19051583212406709, 0.2044289836443401)
  (0.256381032250794, 0.24153264707090322)
  (0.3103292006161475, 0.28593924095068)
Piece 13:
  (-0.13713789730626968, -0.3818492058109435)
  (-0.1832929917645086, -0.42044536720676307)
  (-0.19981280336000892, -0.45833922329800053)
  (-0.2838521976892531, -0.41161624101459016)
  (-0.23850350148952632, -0.34585575010911174)
  (-0.27331144372277194, -0.25258722175654597)
  (-0.19747585356354141, -0.2416904420445467)
  (-0.13713789730626968, -0.3818492058109435)
Piece 14:
  (0.2713586372810425, 0.34652920867934306)
  (0.3158975975880177, 0.3875676816223443)
  (0.1775541136774631, 0.46741259794341283)
  (0.066554950403431, 0.3312302125735773)
  (0.2713586372810425, 0.34652920867934306)
Piece 15:
  (0.066554950403431, 0.3312302125735773)
  (0.1775541136774631, 0.46741259794341283)
  (0.09786833720858833, 0.490328245741591)
  (0.0648293324620888, 0.4033528064111407)
  (-0.0019148053157447692, 0.353428889575432)
  (-0.05130691026939655, 0.28814966939691744)
  (-0.014406270951328855, 0.21887509182671888)
  (0.066554950403431, 0.3312302125735773)
Piece 16:
  (-0.0019148053157447692, 0.353428889575432)
  (0.0648293324620888, 0.4033528064111407)
  (0.09786833720858833, 0.490328245741591)
  (0.0252251179120132, 0.4993632880241849)
  (-0.036865268588574834, 0.43747386051331055)
  (-0.1129407696631742, 0.45840393337512625)
  (-0.13844731705727348, 0.3776561997735021)
  (-0.135446836129396, 0.30745683095694576)
  (-0.0019148053157447692, 0.353428889575432)
Piece 17:
  (-0.27331144372277194, -0.25258722175654597)
  (-0.23850350148952632, -0.34585575010911174)
  (-0.2838521976892531, -0.41161624101459016)
  (-0.35791058844808343, -0.3491418202919075)
  (-0.34128140053339195, -0.2692196996421)
  (-0.38156320878488115, -0.17845922495133215)
  (-0.27331144372277194, -0.25258722175654597)
Piece 18:
  (0.0252251179120132, 0.4993632880241849)
  (-0.036865268588574834, 0.43747386051331055)
  (-0.1129407696631742, 0.45840393337512625)
  (-0.13844731705727348, 0.3776561997735021)
  (-0.135446836129396, 0.30745683095694576)
  (-0.2015760509459151, 0.4575664931843785)
  (0.0252251179120132, 0.4993632880241849)
Piece 19:
  (-0.35791058844808343, -0.3491418202919075)
  (-0.34128140053339195, -0.2692196996421)
  (-0.38156320878488115, -0.17845922495133215)
  (-0.4529110983028984, -0.21182902783627724)
  (-0.35791058844808343, -0.3491418202919075)
Piece 20:
  (-0.38156320878488115, -0.17845922495133215)
  (-0.4529110983028984, -0.21182902783627724)
  (-0.4988750436209097, -0.03352149835904542)
  (-0.34595052601239196, 0.03800214506397261)
  (-0.38156320878488115, -0.17845922495133215)
Piece 21:
  (-0.135446836129396, 0.30745683095694576)
  (-0.2015760509459151, 0.4575664931843785)
  (-0.271426952147811, 0.419913574021786)
  (-0.24205305937872718, 0.35323646112840024)
  (-0.24667836999159296, 0.27577294380360856)
  (-0.19093897383701433, 0.23267482376541346)
  (-0.12023985581912397, 0.2271995939260419)
  (-0.06600569332100198, 0.25867503013872206)
  (-0.135446836129396, 0.30745683095694576)
Piece 22:
  (-0.34595052601239196, 0.03800214506397261)
  (-0.4988750436209097, -0.03352149835904542)
  (-0.49619905088053634, 0.06153455862566115)
  (-0.4109151509076957, 0.06726514016015253)
  (-0.32351484280059817, 0.05192667677404114)
  (-0.2644756630343962, -0.02697537658357438)
  (-0.2538388894967462, -0.1017749168991824)
  (-0.34595052601239196, 0.03800214506397261)
Piece 23:
  (-0.4109151509076957, 0.06726514016015253)
  (-0.49619905088053634, 0.06153455862566115)
  (-0.47624068123537244, 0.15229843576500843)
  (-0.36616248534033957, 0.13864743585541625)
  (-0.29877857164678895, 0.21624551740811002)
  (-0.29387274564186605, 0.1145460711130545)
  (-0.4109151509076957, 0.06726514016015253)
Piece 24:
  (-0.36616248534033957, 0.13864743585541625)
  (-0.47624068123537244, 0.15229843576500843)
  (-0.41783636358756004, 0.27461386211173744)
  (-0.29877857164678895, 0.21624551740811002)
  (-0.36616248534033957, 0.13864743585541625)
Piece 25:
  (-0.271426952147811, 0.419913574021786)
  (-0.24205305937872718, 0.35323646112840024)
  (-0.24667836999159296, 0.27577294380360856)
  (-0.33334801058593555, 0.37266486799589654)
  (-0.271426952147811, 0.419913574021786)
Piece 26:
  (-0.29877857164678895, 0.21624551740811002)
  (-0.41783636358756004, 0.27461386211173744)
  (-0.33334801058593555, 0.37266486799589654)
  (-0.24667836999159296, 0.27577294380360856)
  (-0.29877857164678895, 0.21624551740811002)
Piece 27:
  (0.14835581643621393, 0.2543115905906842)
  (0.20586365154931255, 0.3194678942778114)
  (0.2713586372810425, 0.34652920867934306)
  (0.066554950403431, 0.3312302125735773)
  (0.041166681928608034, 0.23074017477788994)
  (0.027662608293059766, 0.12124883758848928)
  (0.04274134886293793, 0.13787296054372683)
  (0.14835581643621393, 0.2543115905906842)
Piece 28:
  (0.2875507147793825, 0.13518773676060536)
  (0.36778182456467134, 0.10433847537479354)
  (0.3103292006161475, 0.28593924095068)
  (0.256381032250794, 0.24153264707090322)
  (0.19051583212406709, 0.2044289836443401)
  (0.2875507147793825, 0.13518773676060536)
Piece 29:
  (-0.27331144372277194, -0.25258722175654597)
  (-0.38156320878488115, -0.17845922495133215)
  (-0.34595052601239196, 0.03800214506397261)
  (-0.2538388894967462, -0.1017749168991824)
  (-0.14118361002111307, -0.17079103461189224)
  (-0.14766298127620175, -0.17480220961501552)
  (-0.27331144372277194, -0.25258722175654597)
Piece 30:
  (-0.32351484280059817, 0.05192667677404114)
  (-0.4109151509076957, 0.06726514016015253)
  (-0.29387274564186605, 0.1145460711130545)
  (-0.24722972813722952, 0.15407658303343935)
  (-0.16995130844877007, 0.19667074507814342)
  (-0.13328839112372873, 0.14488968814327952)
  (-0.1624344995125858, 0.0785803022345341)
  (-0.19453175124018124, 0.007864571205759799)
  (-0.32351484280059817, 0.05192667677404114)
Piece 31:
  (-0.07743284825219557, -0.34387200841833404)
  (-0.13049133437121582, -0.31073277859126736)
  (-0.13713789730626968, -0.3818492058109435)
  (-0.19747585356354141, -0.2416904420445467)
  (-0.14766298127620175, -0.17480220961501552)
  (-0.07071178562777157, -0.17757612602748396)
  (-0.04993409327506135, -0.24398096552996879)
  (-0.07743284825219557, -0.34387200841833404)
Piece 32:
  (0.04415335139063417, -0.21578455376779543)
  (0.15260274660972328, -0.2517360555443741)
  (0.1721540995808803, -0.3546186025605614)
  (0.02589553771714337, -0.3492587850111834)
  (0.030292436160363555, -0.2557789337608501)
  (-0.003297043309841291, -0.16328727458315448)
  (0.004601325504630729, -0.08156319357497968)
  (0.04415335139063417, -0.21578455376779543)
Piece 33:
  (-0.19747585356354141, -0.2416904420445467)
  (-0.27331144372277194, -0.25258722175654597)
  (-0.14766298127620175, -0.17480220961501552)
  (-0.19747585356354141, -0.2416904420445467)
Piece 34:
  (-0.12023985581912397, 0.2271995939260419)
  (-0.19093897383701433, 0.23267482376541346)
  (-0.24667836999159296, 0.27577294380360856)
  (-0.29877857164678895, 0.21624551740811002)
  (-0.29387274564186605, 0.1145460711130545)
  (-0.24722972813722952, 0.15407658303343935)
  (-0.16995130844877007, 0.19667074507814342)
  (-0.12023985581912397, 0.2271995939260419)
Piece 35:
  (0.26014074057970904, -0.09169662912169936)
  (0.2966263182860731, -0.20480718835901557)
  (0.33254190281711893, -0.003635958403469211)
  (0.17961207411254565, 0.020837335596100036)
  (0.26014074057970904, -0.09169662912169936)
Piece 36:
  (-0.014406270951328855, 0.21887509182671888)
  (-0.05130691026939655, 0.28814966939691744)
  (-0.0019148053157447692, 0.353428889575432)
  (-0.135446836129396, 0.30745683095694576)
  (-0.06600569332100198, 0.25867503013872206)
  (-0.12023985581912397, 0.2271995939260419)
  (-0.16995130844877007, 0.19667074507814342)
  (-0.014406270951328855, 0.21887509182671888)
Piece 37:
  (-0.003297043309841291, -0.16328727458315448)
  (0.030292436160363555, -0.2557789337608501)
  (0.02589553771714337, -0.3492587850111834)
  (-0.015507776189484415, -0.24534847334502646)
  (-0.07743284825219557, -0.34387200841833404)
  (-0.04993409327506135, -0.24398096552996879)
  (-0.07071178562777157, -0.17757612602748396)
  (-0.003297043309841291, -0.16328727458315448)
Piece 38:
  (-0.13328839112372873, 0.14488968814327952)
  (-0.16995130844877007, 0.19667074507814342)
  (-0.014406270951328855, 0.21887509182671888)
  (0.066554950403431, 0.3312302125735773)
  (0.041166681928608034, 0.23074017477788994)
  (0.027662608293059766, 0.12124883758848928)
  (-0.13328839112372873, 0.14488968814327952)
Piece 39:
  (0.20381755453285177, 0.052926931211741135)
  (0.33254190281711893, -0.003635958403469211)
  (0.17961207411254565, 0.020837335596100036)
  (0.053589931834110344, -0.01005626298222885)
  (0.04274134886293793, 0.13787296054372683)
  (0.20381755453285177, 0.052926931211741135)
Piece 40:
  (0.04274134886293793, 0.13787296054372683)
  (0.20381755453285177, 0.052926931211741135)
  (0.3212485180274833, 0.06786011944991582)
  (0.22148832636207466, 0.13404923562381013)
  (0.1287577822128795, 0.173009080057455)
  (0.04274134886293793, 0.13787296054372683)
Piece 41:
  (-0.2644756630343962, -0.02697537658357438)
  (-0.32351484280059817, 0.05192667677404114)
  (-0.19453175124018124, 0.007864571205759799)
  (-0.05116564191620551, -0.021840983945336706)
  (-0.14247996051789924, -0.1164463575554837)
  (-0.2644756630343962, -0.02697537658357438)
Piece 42:
  (0.14835581643621393, 0.2543115905906842)
  (0.04274134886293793, 0.13787296054372683)
  (0.1287577822128795, 0.173009080057455)
  (0.22148832636207466, 0.13404923562381013)
  (0.2875507147793825, 0.13518773676060536)
  (0.19051583212406709, 0.2044289836443401)
  (0.14835581643621393, 0.2543115905906842)
Piece 43:
  (0.26014074057970904, -0.09169662912169936)
  (0.22529402667582554, -0.22189917943997062)
  (0.04415335139063417, -0.21578455376779543)
  (0.26014074057970904, -0.09169662912169936)
Piece 44:
  (0.053589931834110344, -0.01005626298222885)
  (0.17961207411254565, 0.020837335596100036)
  (0.26014074057970904, -0.09169662912169936)
  (0.04415335139063417, -0.21578455376779543)
  (0.004601325504630729, -0.08156319357497968)
  (-0.003297043309841291, -0.16328727458315448)
  (-0.025509697530171377, -0.07926060326819871)
  (-0.020023562814111988, -0.07014874137988804)
  (0.01571600338531917, -0.01078928194042579)
  (0.053589931834110344, -0.01005626298222885)
Piece 45:
  (-0.05116564191620551, -0.021840983945336706)
  (-0.14247996051789924, -0.1164463575554837)
  (-0.2644756630343962, -0.02697537658357438)
  (-0.2538388894967462, -0.1017749168991824)
  (-0.14118361002111307, -0.17079103461189224)
  (-0.07702261653811827, -0.14759975651217158)
  (-0.025509697530171377, -0.07926060326819871)
  (-0.020023562814111988, -0.07014874137988804)
  (-0.05116564191620551, -0.021840983945336706)
Piece 46:
  (-0.003297043309841291, -0.16328727458315448)
  (-0.025509697530171377, -0.07926060326819871)
  (-0.07702261653811827, -0.14759975651217158)
  (-0.14118361002111307, -0.17079103461189224)
  (-0.14766298127620175, -0.17480220961501552)
  (-0.07071178562777157, -0.17757612602748396)
  (-0.003297043309841291, -0.16328727458315448)
Piece 47:
  (-0.1624344995125858, 0.0785803022345341)
  (-0.13328839112372873, 0.14488968814327952)
  (0.027662608293059766, 0.12124883758848928)
  (0.04274134886293793, 0.13787296054372683)
  (0.053589931834110344, -0.01005626298222885)
  (-0.1624344995125858, 0.0785803022345341)
Piece 48:
  (-0.1624344995125858, 0.0785803022345341)
  (-0.19453175124018124, 0.007864571205759799)
  (-0.05116564191620551, -0.021840983945336706)
  (-0.020023562814111988, -0.07014874137988804)
  (0.01571600338531917, -0.01078928194042579)
  (0.053589931834110344, -0.01005626298222885)
  (-0.1624344995125858, 0.0785803022345341)

Available Edges:
