Pieces:
Piece 1:
  (0.3313197669369438, -0.3744692404415204)
  (0.41145248552070013, -0.28408951434158575)
  (0.2966263182860731, -0.20480718835901557)
  (0.26014074057970904, -0.09169662912169936)
  (0.22529402667582554, -0.22189917943997062)
  (0.3313197669369438, -0.3744692404415204)
Piece 2:
  (0.22529402667582554, -0.22189917943997062)
  (0.3313197669369438, -0.3744692404415204)
  (0.2443553255073118, -0.43622296465937654)
  (0.1721540995808803, -0.3546186025605614)
  (0.15260274660972328, -0.2517360555443741)
  (0.04415335139063417, -0.21578455376779543)
  (0.22529402667582554, -0.22189917943997062)
Piece 3:
  (0.1721540995808803, -0.3546186025605614)
  (0.2443553255073118, -0.43622296465937654)
  (0.10418697918575263, -0.48902461427636496)
  (0.02589553771714337, -0.3492587850111834)
  (0.1721540995808803, -0.3546186025605614)
Piece 4:
  (0.2966263182860731, -0.20480718835901557)
  (0.41145248552070013, -0.28408951434158575)
  (0.48759334787614134, -0.11069203723365201)
  (0.33254190281711893, -0.003635958403469211)
  (0.2966263182860731, -0.20480718835901557)
Piece 5:
  (0.02589553771714337, -0.3492587850111834)
  (0.10418697918575263, -0.48902461427636496)
  (-0.012286830173049764, -0.4998490110066225)
  (-0.029999005301262045, -0.4167130022868888)
  (-0.07743284825219557, -0.34387200841833404)
  (-0.015507776189484415, -0.24534847334502646)
  (0.02589553771714337, -0.3492587850111834)
Piece 6:
  (-0.07743284825219557, -0.34387200841833404)
  (-0.029999005301262045, -0.4167130022868888)
  (-0.012286830173049764, -0.4998490110066225)
  (-0.07349149053077988, -0.49456951060448956)
  (-0.1211389323832529, -0.423659602767244)
  (-0.1832929917645086, -0.42044536720676307)
  (-0.13713789730626968, -0.3818492058109435)
  (-0.13049133437121582, -0.31073277859126736)
  (-0.07743284825219557, -0.34387200841833404)
Piece 7:
  (0.33254190281711893, -0.003635958403469211)
  (0.48759334787614134, -0.11069203723365201)
  (0.49940766384802887, -0.024330747827680715)
  (0.39607951461805857, -0.0008734890449919631)
  (0.3212485180274833, 0.06786011944991582)
  (0.20381755453285177, 0.052926931211741135)
  (0.33254190281711893, -0.003635958403469211)
Piece 8:
  (0.3212485180274833, 0.06786011944991582)
  (0.39607951461805857, -0.0008734890449919631)
  (0.49940766384802887, -0.024330747827680715)
  (0.4963503484052564, 0.060302003598392835)
  (0.4491546209273368, 0.09636495591678523)
  (0.36778182456467134, 0.10433847537479354)
  (0.2875507147793825, 0.13518773676060536)
  (0.22148832636207466, 0.13404923562381013)
  (0.3212485180274833, 0.06786011944991582)
Piece 9:
  (0.36778182456467134, 0.10433847537479354)
  (0.4491546209273368, 0.09636495591678523)
  (0.4963503484052564, 0.060302003598392835)
  (0.47478214177728356, 0.15678621702616402)
  (0.40439326789848823, 0.23310219943974608)
  (0.3103292006161475, 0.28593924095068)
  (0.36778182456467134, 0.10433847537479354)
Piece 10:
  (-0.07349149053077988, -0.49456951060448956)
  (-0.1211389323832529, -0.423659602767244)
  (-0.1832929917645086, -0.42044536720676307)
  (-0.19981280336000892, -0.45833922329800053)
  (-0.07349149053077988, -0.49456951060448956)
Piece 11:
  (0.47478214177728356, 0.15678621702616402)
  (0.40439326789848823, 0.23310219943974608)
  (0.3103292006161475, 0.28593924095068)
  (0.36770776516839515, 0.3388082044975657)
  (0.47478214177728356, 0.15678621702616402)
Piece 12:
  (0.3103292006161475, 0.28593924095068)
  (0.36770776516839515, 0.3388082044975657)
  (0.3158975975880177, 0.3875676816223443)
  (0.2713586372810425, 0.34652920867934306)
  (0.20586365154931255, 0.3194678942778114)
  (0.14835581643621393, 0.2543115905906842)
  (0.19051583212406709, 0.2044289836443401)
  (0.256381032250794, 0.24153264707090322)
  (0.3103292006161475, 0.28593924095068)
Piece 13:
  (-0.13713789730626968, -0.3818492058109435)
  (-0.1832929917645086, -0.42044536720676307)
  (-0.19981280336000892, -0.45833922329800053)
  (-0.2838521976892531, -0.41161624101459016)
  (-0.23850350148952632, -0.34585575010911174)
  (-0.27331144372277194, -0.25258722175654597)
  (-0.19747585356354141, -0.2416904420445467)
  (-0.13713789730626968, -0.3818492058109435)
Piece 14:
  (0.2713586372810425, 0.34652920867934306)
  (0.3158975975880177, 0.3875676816223443)
  (0.1775541136774631, 0.46741259794341283)
  (0.066554950403431, 0.3312302125735773)
  (0.2713586372810425, 0.34652920867934306)
Piece 15:
  (0.066554950403431, 0.3312302125735773)
  (0.1775541136774631, 0.46741259794341283)
  (0.09786833720858833, 0.490328245741591)
  (0.0648293324620888, 0.4033528064111407)
  (-0.0019148053157447692, 0.353428889575432)
  (-0.05130691026939655, 0.28814966939691744)
  (-0.014406270951328855, 0.21887509182671888)
  (0.066554950403431, 0.3312302125735773)
Piece 16:
  (-0.0019148053157447692, 0.353428889575432)
  (0.0648293324620888, 0.4033528064111407)
  (0.09786833720858833, 0.490328245741591)
  (0.0252251179120132, 0.4993632880241849)
  (-0.036865268588574834, 0.43747386051331055)
  (-0.1129407696631742, 0.45840393337512625)
  (-0.13844731705727348, 0.3776561997735021)
  (-0.135446836129396, 0.30745683095694576)
  (-0.0019148053157447692, 0.353428889575432)
Piece 17:
  (-0.27331144372277194, -0.25258722175654597)
  (-0.23850350148952632, -0.34585575010911174)
  (-0.2838521976892531, -0.41161624101459016)
  (-0.35791058844808343, -0.3491418202919075)
  (-0.34128140053339195, -0.2692196996421)
  (-0.38156320878488115, -0.17845922495133215)
  (-0.27331144372277194, -0.25258722175654597)
Piece 18:
  (0.0252251179120132, 0.4993632880241849)
  (-0.036865268588574834, 0.43747386051331055)
  (-0.1129407696631742, 0.45840393337512625)
  (-0.13844731705727348, 0.3776561997735021)
  (-0.135446836129396, 0.30745683095694576)
  (-0.2015760509459151, 0.4575664931843785)
  (0.0252251179120132, 0.4993632880241849)
Piece 19:
  (-0.35791058844808343, -0.3491418202919075)
  (-0.34128140053339195, -0.2692196996421)
  (-0.38156320878488115, -0.17845922495133215)
  (-0.4529110983028984, -0.21182902783627724)
  (-0.35791058844808343, -0.3491418202919075)
Piece 20:
  (-0.38156320878488115, -0.17845922495133215)
  (-0.4529110983028984, -0.21182902783627724)
  (-0.4988750436209097, -0.03352149835904542)
  (-0.34595052601239196, 0.03800214506397261)
  (-0.38156320878488115, -0.17845922495133215)
Piece 21:
  (-0.135446836129396, 0.30745683095694576)
  (-0.2015760509459151, 0.4575664931843785)
  (-0.271426952147811, 0.419913574021786)
  (-0.24205305937872718, 0.35323646112840024)
  (-0.24667836999159296, 0.27577294380360856)
  (-0.19093897383701433, 0.23267482376541346)
  (-0.12023985581912397, 0.2271995939260419)
  (-0.06600569332100198, 0.25867503013872206)
  (-0.135446836129396, 0.30745683095694576)
Piece 22:
  (-0.34595052601239196, 0.03800214506397261)
  (-0.4988750436209097, -0.03352149835904542)
  (-0.49619905088053634, 0.06153455862566115)
  (-0.4109151509076957, 0.06726514016015253)
  (-0.32351484280059817, 0.05192667677404114)
  (-0.2644756630343962, -0.02697537658357438)
  (-0.2538388894967462, -0.1017749168991824)
  (-0.34595052601239196, 0.03800214506397261)
Piece 23:
  (-0.4109151509076957, 0.06726514016015253)
  (-0.49619905088053634, 0.06153455862566115)
  (-0.47624068123537244, 0.15229843576500843)
  (-0.36616248534033957, 0.13864743585541625)
  (-0.29877857164678895, 0.21624551740811002)
  (-0.29387274564186605, 0.1145460711130545)
  (-0.4109151509076957, 0.06726514016015253)
Piece 24:
  (-0.36616248534033957, 0.13864743585541625)
  (-0.47624068123537244, 0.15229843576500843)
  (-0.41783636358756004, 0.27461386211173744)
  (-0.29877857164678895, 0.21624551740811002)
  (-0.36616248534033957, 0.13864743585541625)
Piece 25:
  (-0.271426952147811, 0.419913574021786)
  (-0.24205305937872718, 0.35323646112840024)
  (-0.24667836999159296, 0.27577294380360856)
  (-0.33334801058593555, 0.37266486799589654)
  (-0.271426952147811, 0.419913574021786)
Piece 26:
  (-0.29877857164678895, 0.21624551740811002)
  (-0.41783636358756004, 0.27461386211173744)
  (-0.33334801058593555, 0.37266486799589654)
  (-0.24667836999159296, 0.27577294380360856)
  (-0.29877857164678895, 0.21624551740811002)

Available Edges:
Edge 1:
  (0.2966263182860731, -0.20480718835901557)
  (0.26014074057970904, -0.09169662912169936)
Edge 2:
  (0.26014074057970904, -0.09169662912169936)
  (0.22529402667582554, -0.22189917943997062)
Edge 3:
  (0.1721540995808803, -0.3546186025605614)
  (0.15260274660972328, -0.2517360555443741)
Edge 4:
  (0.15260274660972328, -0.2517360555443741)
  (0.04415335139063417, -0.21578455376779543)
Edge 5:
  (0.04415335139063417, -0.21578455376779543)
  (0.22529402667582554, -0.22189917943997062)
Edge 6:
  (0.02589553771714337, -0.3492587850111834)
  (0.1721540995808803, -0.3546186025605614)
Edge 7:
  (0.33254190281711893, -0.003635958403469211)
  (0.2966263182860731, -0.20480718835901557)
Edge 8:
  (-0.07743284825219557, -0.34387200841833404)
  (-0.015507776189484415, -0.24534847334502646)
Edge 9:
  (-0.015507776189484415, -0.24534847334502646)
  (0.02589553771714337, -0.3492587850111834)
Edge 10:
  (-0.13713789730626968, -0.3818492058109435)
  (-0.13049133437121582, -0.31073277859126736)
Edge 11:
  (-0.13049133437121582, -0.31073277859126736)
  (-0.07743284825219557, -0.34387200841833404)
Edge 12:
  (0.3212485180274833, 0.06786011944991582)
  (0.20381755453285177, 0.052926931211741135)
Edge 13:
  (0.20381755453285177, 0.052926931211741135)
  (0.33254190281711893, -0.003635958403469211)
Edge 14:
  (0.36778182456467134, 0.10433847537479354)
  (0.2875507147793825, 0.13518773676060536)
Edge 15:
  (0.2875507147793825, 0.13518773676060536)
  (0.22148832636207466, 0.13404923562381013)
Edge 16:
  (0.22148832636207466, 0.13404923562381013)
  (0.3212485180274833, 0.06786011944991582)
Edge 17:
  (0.3103292006161475, 0.28593924095068)
  (0.36778182456467134, 0.10433847537479354)
Edge 18:
  (0.2713586372810425, 0.34652920867934306)
  (0.20586365154931255, 0.3194678942778114)
Edge 19:
  (0.20586365154931255, 0.3194678942778114)
  (0.14835581643621393, 0.2543115905906842)
Edge 20:
  (0.14835581643621393, 0.2543115905906842)
  (0.19051583212406709, 0.2044289836443401)
Edge 21:
  (0.19051583212406709, 0.2044289836443401)
  (0.256381032250794, 0.24153264707090322)
Edge 22:
  (0.256381032250794, 0.24153264707090322)
  (0.3103292006161475, 0.28593924095068)
Edge 23:
  (-0.27331144372277194, -0.25258722175654597)
  (-0.19747585356354141, -0.2416904420445467)
Edge 24:
  (-0.19747585356354141, -0.2416904420445467)
  (-0.13713789730626968, -0.3818492058109435)
Edge 25:
  (0.066554950403431, 0.3312302125735773)
  (0.2713586372810425, 0.34652920867934306)
Edge 26:
  (-0.0019148053157447692, 0.353428889575432)
  (-0.05130691026939655, 0.28814966939691744)
Edge 27:
  (-0.05130691026939655, 0.28814966939691744)
  (-0.014406270951328855, 0.21887509182671888)
Edge 28:
  (-0.014406270951328855, 0.21887509182671888)
  (0.066554950403431, 0.3312302125735773)
Edge 29:
  (-0.135446836129396, 0.30745683095694576)
  (-0.0019148053157447692, 0.353428889575432)
Edge 30:
  (-0.38156320878488115, -0.17845922495133215)
  (-0.27331144372277194, -0.25258722175654597)
Edge 31:
  (-0.34595052601239196, 0.03800214506397261)
  (-0.38156320878488115, -0.17845922495133215)
Edge 32:
  (-0.24667836999159296, 0.27577294380360856)
  (-0.19093897383701433, 0.23267482376541346)
Edge 33:
  (-0.19093897383701433, 0.23267482376541346)
  (-0.12023985581912397, 0.2271995939260419)
Edge 34:
  (-0.12023985581912397, 0.2271995939260419)
  (-0.06600569332100198, 0.25867503013872206)
Edge 35:
  (-0.06600569332100198, 0.25867503013872206)
  (-0.135446836129396, 0.30745683095694576)
Edge 36:
  (-0.4109151509076957, 0.06726514016015253)
  (-0.32351484280059817, 0.05192667677404114)
Edge 37:
  (-0.32351484280059817, 0.05192667677404114)
  (-0.2644756630343962, -0.02697537658357438)
Edge 38:
  (-0.2644756630343962, -0.02697537658357438)
  (-0.2538388894967462, -0.1017749168991824)
Edge 39:
  (-0.2538388894967462, -0.1017749168991824)
  (-0.34595052601239196, 0.03800214506397261)
Edge 40:
  (-0.29877857164678895, 0.21624551740811002)
  (-0.29387274564186605, 0.1145460711130545)
Edge 41:
  (-0.29387274564186605, 0.1145460711130545)
  (-0.4109151509076957, 0.06726514016015253)
Edge 42:
  (-0.24667836999159296, 0.27577294380360856)
  (-0.29877857164678895, 0.21624551740811002)
