Pieces:
Piece 1:
  (-0.3795944498540579, 0.3254351757877368)
  (-0.42912033708436753, 0.25662372513195036)
  (-0.3301337700795009, 0.19742750587232097)
  (-0.270317993331614, 0.13355941095498708)
  (-0.2678391774434218, 0.253249048347116)
  (-0.3402983486062834, 0.31814016781089255)
  (-0.3795944498540579, 0.3254351757877368)
Piece 2:
  (-0.3402983486062834, 0.31814016781089255)
  (-0.3795944498540579, 0.3254351757877368)
  (-0.22941102704687966, 0.44426408888103464)
  (-0.09830930717556063, 0.33186752652665685)
  (-0.3402983486062834, 0.31814016781089255)
Piece 3:
  (-0.09830930717556063, 0.33186752652665685)
  (-0.22941102704687966, 0.44426408888103464)
  (-0.1639385233292813, 0.47236020214304114)
  (-0.13664968563332147, 0.4195142218443668)
  (-0.05021305974582707, 0.41847058912515295)
  (-0.011632950068898418, 0.35208614615369854)
  (-0.050221817325995496, 0.2948511941043235)
  (-0.01898703295871792, 0.229089896544854)
  (-0.09830930717556063, 0.33186752652665685)
Piece 4:
  (-0.270317993331614, 0.13355941095498708)
  (-0.3301337700795009, 0.19742750587232097)
  (-0.42912033708436753, 0.25662372513195036)
  (-0.4677133258465526, 0.17676041645559815)
  (-0.3776679237812265, 0.14273003525965866)
  (-0.29855571758441224, 0.10580368879799032)
  (-0.21145495728495778, 0.14095066954308857)
  (-0.270317993331614, 0.13355941095498708)
Piece 5:
  (-0.05021305974582707, 0.41847058912515295)
  (-0.13664968563332147, 0.4195142218443668)
  (-0.1639385233292813, 0.47236020214304114)
  (-0.09805971307220407, 0.49029000874196593)
  (-0.017929802336644526, 0.4690475873324432)
  (0.03596941268844102, 0.42239244990670805)
  (0.09650783082852567, 0.39542110860729085)
  (0.07187195852669043, 0.3410397411185975)
  (-0.05021305974582707, 0.41847058912515295)
Piece 6:
  (-0.3776679237812265, 0.14273003525965866)
  (-0.4677133258465526, 0.17676041645559815)
  (-0.49555767966718134, 0.06650252719167352)
  (-0.37354560773420936, 0.020391152005929503)
  (-0.29689786710102867, -0.07820527921232419)
  (-0.3776679237812265, 0.14273003525965866)
Piece 7:
  (-0.37354560773420936, 0.020391152005929503)
  (-0.49555767966718134, 0.06650252719167352)
  (-0.4950799848625433, -0.06997005494140988)
  (-0.39240213008709124, -0.08374915091621785)
  (-0.319092144587916, -0.17348252325933866)
  (-0.37354560773420936, 0.020391152005929503)
Piece 8:
  (-0.39240213008709124, -0.08374915091621785)
  (-0.4950799848625433, -0.06997005494140988)
  (-0.4553650675578919, -0.20650098122768462)
  (-0.319092144587916, -0.17348252325933866)
  (-0.39240213008709124, -0.08374915091621785)
Piece 9:
  (-0.319092144587916, -0.17348252325933866)
  (-0.4553650675578919, -0.20650098122768462)
  (-0.42201827029405653, -0.2681428342097037)
  (-0.35619797862807845, -0.2382943548640875)
  (-0.29173539672337023, -0.21123177936287985)
  (-0.22932794906705226, -0.23846025433454449)
  (-0.15410234497490538, -0.18416377668679718)
  (-0.319092144587916, -0.17348252325933866)
Piece 10:
  (-0.09805971307220407, 0.49029000874196593)
  (-0.017929802336644526, 0.4690475873324432)
  (0.03596941268844102, 0.42239244990670805)
  (0.09650783082852567, 0.39542110860729085)
  (0.11855189660574553, 0.48574216186283503)
  (-0.09805971307220407, 0.49029000874196593)
Piece 11:
  (-0.42201827029405653, -0.2681428342097037)
  (-0.35619797862807845, -0.2382943548640875)
  (-0.29173539672337023, -0.21123177936287985)
  (-0.22932794906705226, -0.23846025433454449)
  (-0.15410234497490538, -0.18416377668679718)
  (-0.3208688160617457, -0.3834621270466402)
  (-0.42201827029405653, -0.2681428342097037)
Piece 12:
  (-0.15410234497490538, -0.18416377668679718)
  (-0.3208688160617457, -0.3834621270466402)
  (-0.1726320356043715, -0.4692527893183918)
  (-0.07716271504599063, -0.3551598426171783)
  (-0.15410234497490538, -0.18416377668679718)
Piece 13:
  (-0.07716271504599063, -0.3551598426171783)
  (-0.1726320356043715, -0.4692527893183918)
  (-0.012377206302095631, -0.4998467812881817)
  (0.03635272747617048, -0.36738783605998304)
  (-0.07716271504599063, -0.3551598426171783)
Piece 14:
  (0.03635272747617048, -0.36738783605998304)
  (-0.012377206302095631, -0.4998467812881817)
  (0.06571717389309722, -0.49566243861675097)
  (0.06775275176029313, -0.4134567275584279)
  (0.13699048227560168, -0.3562759517792452)
  (0.12433716571390126, -0.2816482830977043)
  (0.04569619833476464, -0.2880175070208887)
  (0.03635272747617048, -0.36738783605998304)
Piece 15:
  (0.09650783082852567, 0.39542110860729085)
  (0.11855189660574553, 0.48574216186283503)
  (0.25255341543349147, 0.4315284143053366)
  (0.21232391253611965, 0.2666962499324427)
  (0.09650783082852567, 0.39542110860729085)
Piece 16:
  (0.21232391253611965, 0.2666962499324427)
  (0.25255341543349147, 0.4315284143053366)
  (0.36173101537519076, 0.3451820860294368)
  (0.2669446503042959, 0.18322422952370448)
  (0.21232391253611965, 0.2666962499324427)
Piece 17:
  (0.13699048227560168, -0.3562759517792452)
  (0.06775275176029313, -0.4134567275584279)
  (0.06571717389309722, -0.49566243861675097)
  (0.1259549014032495, -0.48387535875729165)
  (0.1511108408464632, -0.41279075724362996)
  (0.20351801286075372, -0.3803554597684363)
  (0.20432415052652064, -0.30989767837541365)
  (0.15437856374492764, -0.27069220630140617)
  (0.13699048227560168, -0.3562759517792452)
Piece 18:
  (0.2669446503042959, 0.18322422952370448)
  (0.36173101537519076, 0.3451820860294368)
  (0.43943693526152533, 0.23852710522696993)
  (0.3564284762363096, 0.15931622248114347)
  (0.2628208866578161, 0.10941424705635266)
  (0.2669446503042959, 0.18322422952370448)
Piece 19:
  (0.2628208866578161, 0.10941424705635266)
  (0.3564284762363096, 0.15931622248114347)
  (0.43943693526152533, 0.23852710522696993)
  (0.4736798705241545, 0.1600855404470379)
  (0.3936979352558475, 0.13305472885848846)
  (0.3286001881560442, 0.09251043629387103)
  (0.27781390730027367, 0.024255617276726454)
  (0.2115507947105098, 0.007689454142740977)
  (0.2628208866578161, 0.10941424705635266)
Piece 20:
  (0.3936979352558475, 0.13305472885848846)
  (0.4736798705241545, 0.1600855404470379)
  (0.49669969524327096, 0.05735340221156676)
  (0.3904480177327988, 0.02144443019034393)
  (0.3013416144361042, -0.06494812130585806)
  (0.3936979352558475, 0.13305472885848846)
Piece 21:
  (0.3904480177327988, 0.02144443019034393)
  (0.49669969524327096, 0.05735340221156676)
  (0.4890978747101563, -0.10384251997138866)
  (0.31507313482761046, -0.12393697744102436)
  (0.3904480177327988, 0.02144443019034393)
Piece 22:
  (0.31507313482761046, -0.12393697744102436)
  (0.4890978747101563, -0.10384251997138866)
  (0.4673852001903937, -0.17762622172130332)
  (0.3855034889120797, -0.1602415556281443)
  (0.323486912697962, -0.18644874158423688)
  (0.26322499728997745, -0.16922859292349504)
  (0.24910291399851026, -0.10409348862695691)
  (0.20201324220121483, -0.06014291820966346)
  (0.31507313482761046, -0.12393697744102436)
Piece 23:
  (0.323486912697962, -0.18644874158423688)
  (0.3855034889120797, -0.1602415556281443)
  (0.4673852001903937, -0.17762622172130332)
  (0.43370140779497607, -0.24880331363680808)
  (0.36442214430271286, -0.29882763022936176)
  (0.26649550595782046, -0.31652962243115285)
  (0.19108000035067488, -0.2671196046819644)
  (0.323486912697962, -0.18644874158423688)
Piece 24:
  (0.1259549014032495, -0.48387535875729165)
  (0.1511108408464632, -0.41279075724362996)
  (0.20351801286075372, -0.3803554597684363)
  (0.20432415052652064, -0.30989767837541365)
  (0.27522561263306056, -0.4174336619760755)
  (0.1259549014032495, -0.48387535875729165)
Piece 25:
  (0.43370140779497607, -0.24880331363680808)
  (0.36442214430271286, -0.29882763022936176)
  (0.26649550595782046, -0.31652962243115285)
  (0.32202845173623884, -0.38248879234869204)
  (0.43370140779497607, -0.24880331363680808)
Piece 26:
  (0.20432415052652064, -0.30989767837541365)
  (0.27522561263306056, -0.4174336619760755)
  (0.32202845173623884, -0.38248879234869204)
  (0.26649550595782046, -0.31652962243115285)
  (0.20432415052652064, -0.30989767837541365)

Available Edges:
Edge 1:
  (-0.270317993331614, 0.13355941095498708)
  (-0.2678391774434218, 0.253249048347116)
Edge 2:
  (-0.2678391774434218, 0.253249048347116)
  (-0.3402983486062834, 0.31814016781089255)
Edge 3:
  (-0.09830930717556063, 0.33186752652665685)
  (-0.3402983486062834, 0.31814016781089255)
Edge 4:
  (-0.05021305974582707, 0.41847058912515295)
  (-0.011632950068898418, 0.35208614615369854)
Edge 5:
  (-0.011632950068898418, 0.35208614615369854)
  (-0.050221817325995496, 0.2948511941043235)
Edge 6:
  (-0.050221817325995496, 0.2948511941043235)
  (-0.01898703295871792, 0.229089896544854)
Edge 7:
  (-0.01898703295871792, 0.229089896544854)
  (-0.09830930717556063, 0.33186752652665685)
Edge 8:
  (-0.3776679237812265, 0.14273003525965866)
  (-0.29855571758441224, 0.10580368879799032)
Edge 9:
  (-0.29855571758441224, 0.10580368879799032)
  (-0.21145495728495778, 0.14095066954308857)
Edge 10:
  (-0.21145495728495778, 0.14095066954308857)
  (-0.270317993331614, 0.13355941095498708)
Edge 11:
  (0.09650783082852567, 0.39542110860729085)
  (0.07187195852669043, 0.3410397411185975)
Edge 12:
  (0.07187195852669043, 0.3410397411185975)
  (-0.05021305974582707, 0.41847058912515295)
Edge 13:
  (-0.37354560773420936, 0.020391152005929503)
  (-0.29689786710102867, -0.07820527921232419)
Edge 14:
  (-0.29689786710102867, -0.07820527921232419)
  (-0.3776679237812265, 0.14273003525965866)
Edge 15:
  (-0.319092144587916, -0.17348252325933866)
  (-0.37354560773420936, 0.020391152005929503)
Edge 16:
  (-0.15410234497490538, -0.18416377668679718)
  (-0.319092144587916, -0.17348252325933866)
Edge 17:
  (-0.07716271504599063, -0.3551598426171783)
  (-0.15410234497490538, -0.18416377668679718)
Edge 18:
  (0.03635272747617048, -0.36738783605998304)
  (-0.07716271504599063, -0.3551598426171783)
Edge 19:
  (0.13699048227560168, -0.3562759517792452)
  (0.12433716571390126, -0.2816482830977043)
Edge 20:
  (0.12433716571390126, -0.2816482830977043)
  (0.04569619833476464, -0.2880175070208887)
Edge 21:
  (0.04569619833476464, -0.2880175070208887)
  (0.03635272747617048, -0.36738783605998304)
Edge 22:
  (0.21232391253611965, 0.2666962499324427)
  (0.09650783082852567, 0.39542110860729085)
Edge 23:
  (0.2669446503042959, 0.18322422952370448)
  (0.21232391253611965, 0.2666962499324427)
Edge 24:
  (0.20432415052652064, -0.30989767837541365)
  (0.15437856374492764, -0.27069220630140617)
Edge 25:
  (0.15437856374492764, -0.27069220630140617)
  (0.13699048227560168, -0.3562759517792452)
Edge 26:
  (0.2628208866578161, 0.10941424705635266)
  (0.2669446503042959, 0.18322422952370448)
Edge 27:
  (0.3936979352558475, 0.13305472885848846)
  (0.3286001881560442, 0.09251043629387103)
Edge 28:
  (0.3286001881560442, 0.09251043629387103)
  (0.27781390730027367, 0.024255617276726454)
Edge 29:
  (0.27781390730027367, 0.024255617276726454)
  (0.2115507947105098, 0.007689454142740977)
Edge 30:
  (0.2115507947105098, 0.007689454142740977)
  (0.2628208866578161, 0.10941424705635266)
Edge 31:
  (0.3904480177327988, 0.02144443019034393)
  (0.3013416144361042, -0.06494812130585806)
Edge 32:
  (0.3013416144361042, -0.06494812130585806)
  (0.3936979352558475, 0.13305472885848846)
Edge 33:
  (0.31507313482761046, -0.12393697744102436)
  (0.3904480177327988, 0.02144443019034393)
Edge 34:
  (0.323486912697962, -0.18644874158423688)
  (0.26322499728997745, -0.16922859292349504)
Edge 35:
  (0.26322499728997745, -0.16922859292349504)
  (0.24910291399851026, -0.10409348862695691)
Edge 36:
  (0.24910291399851026, -0.10409348862695691)
  (0.20201324220121483, -0.06014291820966346)
Edge 37:
  (0.20201324220121483, -0.06014291820966346)
  (0.31507313482761046, -0.12393697744102436)
Edge 38:
  (0.26649550595782046, -0.31652962243115285)
  (0.19108000035067488, -0.2671196046819644)
Edge 39:
  (0.19108000035067488, -0.2671196046819644)
  (0.323486912697962, -0.18644874158423688)
Edge 40:
  (0.26649550595782046, -0.31652962243115285)
  (0.20432415052652064, -0.30989767837541365)
