Pieces:
Piece 1:
  (-0.1639264993119487, -0.05376141044238312)
  (-0.12357320567191421, 0.005905272877161492)
  (0.014234592474176154, 0.038997240959057544)
  (-0.013918668053427896, -0.063774656476876)
  (-0.12273331060266558, -0.10241168953652513)
  (-0.15410234497490538, -0.18416377668679718)
  (-0.1639264993119487, -0.05376141044238312)
Piece 2:
  (-0.3776679237812265, 0.14273003525965866)
  (-0.4677133258465526, 0.17676041645559815)
  (-0.49555767966718134, 0.06650252719167352)
  (-0.37354560773420936, 0.020391152005929503)
  (-0.29689786710102867, -0.07820527921232419)
  (-0.3776679237812265, 0.14273003525965866)
Piece 3:
  (0.05983410091965485, -0.06570867215831577)
  (0.20201324220121483, -0.06014291820966346)
  (0.24910291399851026, -0.10409348862695691)
  (0.19279572716017676, -0.13351853474396227)
  (0.13225708333041647, -0.1488312754696672)
  (-0.04286941335120005, -0.16047449081292395)
  (0.05983410091965485, -0.06570867215831577)
Piece 4:
  (-0.07716271504599063, -0.3551598426171783)
  (-0.1726320356043715, -0.4692527893183918)
  (-0.012377206302095631, -0.4998467812881817)
  (0.03635272747617048, -0.36738783605998304)
  (-0.07716271504599063, -0.3551598426171783)
Piece 5:
  (-0.37354560773420936, 0.020391152005929503)
  (-0.49555767966718134, 0.06650252719167352)
  (-0.4950799848625433, -0.06997005494140988)
  (-0.39240213008709124, -0.08374915091621785)
  (-0.319092144587916, -0.17348252325933866)
  (-0.37354560773420936, 0.020391152005929503)
Piece 6:
  (0.09650783082852567, 0.39542110860729085)
  (0.11855189660574553, 0.48574216186283503)
  (0.25255341543349147, 0.4315284143053366)
  (0.21232391253611965, 0.2666962499324427)
  (0.09650783082852567, 0.39542110860729085)
Piece 7:
  (0.21232391253611965, 0.2666962499324427)
  (0.25255341543349147, 0.4315284143053366)
  (0.36173101537519076, 0.3451820860294368)
  (0.2669446503042959, 0.18322422952370448)
  (0.21232391253611965, 0.2666962499324427)
Piece 8:
  (-0.42201827029405653, -0.2681428342097037)
  (-0.35619797862807845, -0.2382943548640875)
  (-0.29173539672337023, -0.21123177936287985)
  (-0.22932794906705226, -0.23846025433454449)
  (-0.15410234497490538, -0.18416377668679718)
  (-0.3208688160617457, -0.3834621270466402)
  (-0.42201827029405653, -0.2681428342097037)
Piece 9:
  (0.2669446503042959, 0.18322422952370448)
  (0.36173101537519076, 0.3451820860294368)
  (0.43943693526152533, 0.23852710522696993)
  (0.3564284762363096, 0.15931622248114347)
  (0.2628208866578161, 0.10941424705635266)
  (0.2669446503042959, 0.18322422952370448)
Piece 10:
  (-0.1639264993119487, -0.05376141044238312)
  (-0.2383819955787482, -0.09941572310624691)
  (-0.29689786710102867, -0.07820527921232419)
  (-0.37354560773420936, 0.020391152005929503)
  (-0.319092144587916, -0.17348252325933866)
  (-0.15410234497490538, -0.18416377668679718)
  (-0.1639264993119487, -0.05376141044238312)
Piece 11:
  (-0.011632950068898418, 0.35208614615369854)
  (-0.050221817325995496, 0.2948511941043235)
  (-0.01898703295871792, 0.229089896544854)
  (0.024150011988420386, 0.2152171865862652)
  (0.13323902150868336, 0.2129252163288037)
  (0.07187195852669043, 0.3410397411185975)
  (-0.05021305974582707, 0.41847058912515295)
  (-0.011632950068898418, 0.35208614615369854)
Piece 12:
  (0.20432415052652064, -0.30989767837541365)
  (0.20351801286075372, -0.3803554597684363)
  (0.1511108408464632, -0.41279075724362996)
  (0.1259549014032495, -0.48387535875729165)
  (0.27522561263306056, -0.4174336619760755)
  (0.32202845173623884, -0.38248879234869204)
  (0.36442214430271286, -0.29882763022936176)
  (0.43370140779497607, -0.24880331363680808)
  (0.26649550595782046, -0.31652962243115285)
  (0.20432415052652064, -0.30989767837541365)
Piece 13:
  (0.323486912697962, -0.18644874158423688)
  (0.3855034889120797, -0.1602415556281443)
  (0.4673852001903937, -0.17762622172130332)
  (0.43370140779497607, -0.24880331363680808)
  (0.36442214430271286, -0.29882763022936176)
  (0.26649550595782046, -0.31652962243115285)
  (0.19108000035067488, -0.2671196046819644)
  (0.323486912697962, -0.18644874158423688)
Piece 14:
  (-0.09805971307220407, 0.49029000874196593)
  (0.11855189660574553, 0.48574216186283503)
  (0.09650783082852567, 0.39542110860729085)
  (0.07187195852669043, 0.3410397411185975)
  (-0.05021305974582707, 0.41847058912515295)
  (-0.13664968563332147, 0.4195142218443668)
  (-0.1639385233292813, 0.47236020214304114)
  (-0.09805971307220407, 0.49029000874196593)
Piece 15:
  (0.24910291399851026, -0.10409348862695691)
  (0.15437856374492764, -0.27069220630140617)
  (0.20432415052652064, -0.30989767837541365)
  (0.26649550595782046, -0.31652962243115285)
  (0.19108000035067488, -0.2671196046819644)
  (0.323486912697962, -0.18644874158423688)
  (0.3855034889120797, -0.1602415556281443)
  (0.4673852001903937, -0.17762622172130332)
  (0.4890978747101563, -0.10384251997138866)
  (0.31507313482761046, -0.12393697744102436)
  (0.20201324220121483, -0.06014291820966346)
  (0.24910291399851026, -0.10409348862695691)
Piece 16:
  (0.138940973618749, 0.0013269436897864612)
  (0.18087340041492916, 0.11357737161852269)
  (0.05753696705201789, 0.20448006853459275)
  (-0.0068130963258675355, 0.11335761974021921)
  (0.04935546639659749, 0.03891809312995008)
  (0.02697467757761888, -0.053536758984502525)
  (0.138940973618749, 0.0013269436897864612)
Piece 17:
  (-0.319092144587916, -0.17348252325933866)
  (-0.15410234497490538, -0.18416377668679718)
  (-0.22932794906705226, -0.23846025433454449)
  (-0.29173539672337023, -0.21123177936287985)
  (-0.35619797862807845, -0.2382943548640875)
  (-0.42201827029405653, -0.2681428342097037)
  (-0.4553650675578919, -0.20650098122768462)
  (-0.4950799848625433, -0.06997005494140988)
  (-0.39240213008709124, -0.08374915091621785)
  (-0.319092144587916, -0.17348252325933866)
Piece 18:
  (0.12433716571390126, -0.2816482830977043)
  (0.04569619833476464, -0.2880175070208887)
  (-0.012947090487067534, -0.23462470323540682)
  (-0.04286941335120005, -0.16047449081292395)
  (0.13225708333041647, -0.1488312754696672)
  (0.19279572716017676, -0.13351853474396227)
  (0.24910291399851026, -0.10409348862695691)
  (0.15437856374492764, -0.27069220630140617)
  (0.13699048227560168, -0.3562759517792452)
  (0.12433716571390126, -0.2816482830977043)
Piece 19:
  (-0.15410234497490538, -0.18416377668679718)
  (-0.07716271504599063, -0.3551598426171783)
  (0.03635272747617048, -0.36738783605998304)
  (0.04569619833476464, -0.2880175070208887)
  (-0.012947090487067534, -0.23462470323540682)
  (-0.04286941335120005, -0.16047449081292395)
  (-0.12273331060266558, -0.10241168953652513)
  (-0.15410234497490538, -0.18416377668679718)
Piece 20:
  (-0.270317993331614, 0.13355941095498708)
  (-0.21145495728495778, 0.14095066954308857)
  (-0.29855571758441224, 0.10580368879799032)
  (-0.3776679237812265, 0.14273003525965866)
  (-0.4677133258465526, 0.17676041645559815)
  (-0.42912033708436753, 0.25662372513195036)
  (-0.3795944498540579, 0.3254351757877368)
  (-0.3402983486062834, 0.31814016781089255)
  (-0.2678391774434218, 0.253249048347116)
  (-0.270317993331614, 0.13355941095498708)
Piece 21:
  (0.13699048227560168, -0.3562759517792452)
  (0.15437856374492764, -0.27069220630140617)
  (0.20432415052652064, -0.30989767837541365)
  (0.20351801286075372, -0.3803554597684363)
  (0.1511108408464632, -0.41279075724362996)
  (0.1259549014032495, -0.48387535875729165)
  (0.06571717389309722, -0.49566243861675097)
  (-0.012377206302095631, -0.4998467812881817)
  (0.03635272747617048, -0.36738783605998304)
  (0.04569619833476464, -0.2880175070208887)
  (0.12433716571390126, -0.2816482830977043)
  (0.13699048227560168, -0.3562759517792452)
Piece 22:
  (0.138940973618749, 0.0013269436897864612)
  (0.18087340041492916, 0.11357737161852269)
  (0.2115507947105098, 0.007689454142740977)
  (0.31507313482761046, -0.12393697744102436)
  (0.20201324220121483, -0.06014291820966346)
  (0.05983410091965485, -0.06570867215831577)
  (-0.04286941335120005, -0.16047449081292395)
  (-0.12273331060266558, -0.10241168953652513)
  (-0.013918668053427896, -0.063774656476876)
  (0.014234592474176154, 0.038997240959057544)
  (-0.0068130963258675355, 0.11335761974021921)
  (0.04935546639659749, 0.03891809312995008)
  (0.02697467757761888, -0.053536758984502525)
  (0.138940973618749, 0.0013269436897864612)
Piece 23:
  (0.3936979352558475, 0.13305472885848846)
  (0.3013416144361042, -0.06494812130585806)
  (0.3904480177327988, 0.02144443019034393)
  (0.49669969524327096, 0.05735340221156676)
  (0.4736798705241545, 0.1600855404470379)
  (0.43943693526152533, 0.23852710522696993)
  (0.3564284762363096, 0.15931622248114347)
  (0.2628208866578161, 0.10941424705635266)
  (0.2115507947105098, 0.007689454142740977)
  (0.27781390730027367, 0.024255617276726454)
  (0.3286001881560442, 0.09251043629387103)
  (0.3936979352558475, 0.13305472885848846)
Piece 24:
  (-0.2678391774434218, 0.253249048347116)
  (-0.3402983486062834, 0.31814016781089255)
  (-0.09830930717556063, 0.33186752652665685)
  (-0.01898703295871792, 0.229089896544854)
  (0.024150011988420386, 0.2152171865862652)
  (0.05753696705201789, 0.20448006853459275)
  (-0.025303896073999056, 0.17868464382824234)
  (-0.12551308125978197, 0.1835154783286349)
  (-0.2678391774434218, 0.253249048347116)
Piece 25:
  (-0.09830930717556063, 0.33186752652665685)
  (-0.01898703295871792, 0.229089896544854)
  (-0.050221817325995496, 0.2948511941043235)
  (-0.011632950068898418, 0.35208614615369854)
  (-0.05021305974582707, 0.41847058912515295)
  (-0.13664968563332147, 0.4195142218443668)
  (-0.1639385233292813, 0.47236020214304114)
  (-0.22941102704687966, 0.44426408888103464)
  (-0.3795944498540579, 0.3254351757877368)
  (-0.3402983486062834, 0.31814016781089255)
  (-0.09830930717556063, 0.33186752652665685)
Piece 26:
  (0.2669446503042959, 0.18322422952370448)
  (0.21232391253611965, 0.2666962499324427)
  (0.09650783082852567, 0.39542110860729085)
  (0.07187195852669043, 0.3410397411185975)
  (0.13323902150868336, 0.2129252163288037)
  (0.024150011988420386, 0.2152171865862652)
  (0.05753696705201789, 0.20448006853459275)
  (0.18087340041492916, 0.11357737161852269)
  (0.2115507947105098, 0.007689454142740977)
  (0.2628208866578161, 0.10941424705635266)
  (0.2669446503042959, 0.18322422952370448)
Piece 27:
  (-0.15410234497490538, -0.18416377668679718)
  (-0.3208688160617457, -0.3834621270466402)
  (-0.1726320356043715, -0.4692527893183918)
  (-0.07716271504599063, -0.3551598426171783)
  (-0.15410234497490538, -0.18416377668679718)
Piece 28:
  (0.3904480177327988, 0.02144443019034393)
  (0.3013416144361042, -0.06494812130585806)
  (0.3936979352558475, 0.13305472885848846)
  (0.3286001881560442, 0.09251043629387103)
  (0.27781390730027367, 0.024255617276726454)
  (0.2115507947105098, 0.007689454142740977)
  (0.31507313482761046, -0.12393697744102436)
  (0.4890978747101563, -0.10384251997138866)
  (0.49669969524327096, 0.05735340221156676)
  (0.3904480177327988, 0.02144443019034393)
Piece 29:
  (-0.21145495728495778, 0.14095066954308857)
  (-0.29855571758441224, 0.10580368879799032)
  (-0.3776679237812265, 0.14273003525965866)
  (-0.29689786710102867, -0.07820527921232419)
  (-0.2383819955787482, -0.09941572310624691)
  (-0.1639264993119487, -0.05376141044238312)
  (-0.12357320567191421, 0.005905272877161492)
  (-0.1619821216532946, 0.08052065855814089)
  (-0.21145495728495778, 0.14095066954308857)
Piece 30:
  (-0.12551308125978197, 0.1835154783286349)
  (-0.2678391774434218, 0.253249048347116)
  (-0.270317993331614, 0.13355941095498708)
  (-0.21145495728495778, 0.14095066954308857)
  (-0.1619821216532946, 0.08052065855814089)
  (-0.12357320567191421, 0.005905272877161492)
  (0.014234592474176154, 0.038997240959057544)
  (-0.0068130963258675355, 0.11335761974021921)
  (0.05753696705201789, 0.20448006853459275)
  (-0.025303896073999056, 0.17868464382824234)
  (-0.12551308125978197, 0.1835154783286349)

Available Edges:
