Pieces:
Piece 1:
  (-0.1639264993119487, -0.05376141044238312)
  (-0.12357320567191421, 0.005905272877161492)
  (0.014234592474176154, 0.038997240959057544)
  (-0.013918668053427896, -0.063774656476876)
  (-0.12273331060266558, -0.10241168953652513)
  (-0.15410234497490538, -0.18416377668679718)
  (-0.1639264993119487, -0.05376141044238312)
Piece 2:
  (-0.3776679237812265, 0.14273003525965866)
  (-0.4677133258465526, 0.17676041645559815)
  (-0.4748468985757558, 0.15526869791807002)
  (-0.4814353684174692, 0.13330459446242468)
  (-0.4869616719477205, 0.11124235407262281)
  (-0.49168892867083286, 0.08880629398914516)
  (-0.49555767966718134, 0.06650252719167352)
  (-0.37354560773420936, 0.020391152005929503)
  (-0.29689786710102867, -0.07820527921232419)
  (-0.3776679237812265, 0.14273003525965866)
Piece 3:
  (0.05983410091965485, -0.06570867215831577)
  (0.20201324220121483, -0.06014291820966346)
  (0.24910291399851026, -0.10409348862695691)
  (0.19279572716017676, -0.13351853474396227)
  (0.13225708333041647, -0.1488312754696672)
  (-0.04286941335120005, -0.16047449081292395)
  (0.05983410091965485, -0.06570867215831577)
Piece 4:
  (-0.07716271504599063, -0.3551598426171783)
  (-0.1726320356043715, -0.4692527893183918)
  (-0.15346443828922285, -0.4754924729936941)
  (-0.13368047248791998, -0.4813412158734602)
  (-0.11392991755295068, -0.486288472341212)
  (-0.09346118855868121, -0.49099844028797385)
  (-0.07330555689978248, -0.49398824581455575)
  (-0.05314992524088376, -0.4969780513411377)
  (-0.032525960729113804, -0.49840210201365326)
  (-0.012377206302095631, -0.4998467812881817)
  (0.03635272747617048, -0.36738783605998304)
  (-0.07716271504599063, -0.3551598426171783)
Piece 5:
  (-0.37354560773420936, 0.020391152005929503)
  (-0.49555767966718134, 0.06650252719167352)
  (-0.49784464007027096, 0.043873359269794784)
  (-0.4989591694038563, 0.02118659350289944)
  (-0.4999037601604204, -0.0019590069387971087)
  (-0.4987888474549931, -0.024653576418809248)
  (-0.4976739347495658, -0.04734814589882141)
  (-0.4950799848625433, -0.06997005494140988)
  (-0.39240213008709124, -0.08374915091621785)
  (-0.319092144587916, -0.17348252325933866)
  (-0.37354560773420936, 0.020391152005929503)
Piece 6:
  (0.09650783082852567, 0.39542110860729085)
  (0.11855189660574553, 0.48574216186283503)
  (0.1382461031889522, 0.4801975849178025)
  (0.15811725371954233, 0.47382766901250534)
  (0.17754432022010644, 0.46687655347024576)
  (0.19720664859912868, 0.4591658598096161)
  (0.21584371831467947, 0.4503511823083297)
  (0.23448078803023029, 0.4415365048070433)
  (0.25255341543349147, 0.4315284143053366)
  (0.21232391253611965, 0.2666962499324427)
  (0.09650783082852567, 0.39542110860729085)
Piece 7:
  (0.21232391253611965, 0.2666962499324427)
  (0.25255341543349147, 0.4315284143053366)
  (0.2719906880342175, 0.4192078529234071)
  (0.29120005230416357, 0.40578561169117944)
  (0.30982492469364487, 0.3919724649092737)
  (0.32790690337419254, 0.3767980116795738)
  (0.34505768863922825, 0.36125344600815334)
  (0.36173101537519076, 0.3451820860294368)
  (0.2669446503042959, 0.18322422952370448)
  (0.21232391253611965, 0.2666962499324427)
Piece 8:
  (-0.42201827029405653, -0.2681428342097037)
  (-0.35619797862807845, -0.2382943548640875)
  (-0.29173539672337023, -0.21123177936287985)
  (-0.22932794906705226, -0.23846025433454449)
  (-0.15410234497490538, -0.18416377668679718)
  (-0.3208688160617457, -0.3834621270466402)
  (-0.33685747973590646, -0.36868568213304465)
  (-0.35298803926476474, -0.35406579516936915)
  (-0.36807322721505736, -0.33753321960570726)
  (-0.3827874467082375, -0.32129858016935975)
  (-0.39655794306449793, -0.30364212313262195)
  (-0.40956801451876923, -0.2861000724732279)
  (-0.42201827029405653, -0.2681428342097037)
Piece 9:
  (0.2669446503042959, 0.18322422952370448)
  (0.36173101537519076, 0.3451820860294368)
  (0.37609282782099646, 0.3286849538637643)
  (0.3905256304561467, 0.31177575512234146)
  (0.40362659171847953, 0.2941111537434497)
  (0.41678773863067387, 0.27602840479763496)
  (0.42804914682552514, 0.25723988031159356)
  (0.43943693526152533, 0.23852710522696993)
  (0.3564284762363096, 0.15931622248114347)
  (0.2628208866578161, 0.10941424705635266)
  (0.2669446503042959, 0.18322422952370448)
Piece 10:
  (-0.1639264993119487, -0.05376141044238312)
  (-0.2383819955787482, -0.09941572310624691)
  (-0.29689786710102867, -0.07820527921232419)
  (-0.37354560773420936, 0.020391152005929503)
  (-0.319092144587916, -0.17348252325933866)
  (-0.15410234497490538, -0.18416377668679718)
  (-0.1639264993119487, -0.05376141044238312)
Piece 11:
  (-0.011632950068898418, 0.35208614615369854)
  (-0.050221817325995496, 0.2948511941043235)
  (-0.01898703295871792, 0.229089896544854)
  (0.024150011988420386, 0.2152171865862652)
  (0.13323902150868336, 0.2129252163288037)
  (0.07187195852669043, 0.3410397411185975)
  (-0.05021305974582707, 0.41847058912515295)
  (-0.011632950068898418, 0.35208614615369854)
Piece 12:
  (0.20432415052652064, -0.30989767837541365)
  (0.20351801286075372, -0.3803554597684363)
  (0.1511108408464632, -0.41279075724362996)
  (0.1259549014032495, -0.48387535875729165)
  (0.14559361044216657, -0.4783087002288526)
  (0.16476915404327824, -0.4714475810190587)
  (0.18394469764438987, -0.46458646180926483)
  (0.20326140308308177, -0.4563021742120362)
  (0.22171935146479246, -0.4475722147922669)
  (0.24037386731551097, -0.43815824597855657)
  (0.25776341623038473, -0.4277353514718477)
  (0.27522561263306056, -0.4174336619760755)
  (0.29877830571640734, -0.4001651959082009)
  (0.32202845173623884, -0.38248879234869204)
  (0.36442214430271286, -0.29882763022936176)
  (0.43370140779497607, -0.24880331363680808)
  (0.26649550595782046, -0.31652962243115285)
  (0.20432415052652064, -0.30989767837541365)
Piece 13:
  (0.323486912697962, -0.18644874158423688)
  (0.3855034889120797, -0.1602415556281443)
  (0.4673852001903937, -0.17762622172130332)
  (0.45701371069248525, -0.20175698559425695)
  (0.445791101224944, -0.22548519970151654)
  (0.43370140779497607, -0.24880331363680808)
  (0.36442214430271286, -0.29882763022936176)
  (0.26649550595782046, -0.31652962243115285)
  (0.19108000035067488, -0.2671196046819644)
  (0.323486912697962, -0.18644874158423688)
Piece 14:
  (-0.09805971307220407, 0.49029000874196593)
  (-0.07693473972755172, 0.4934499073958414)
  (-0.05580594843239425, 0.49658406751810025)
  (-0.03353933245409223, 0.4983523182531596)
  (-0.01195261203891345, 0.4994128058240116)
  (0.01080873742487741, 0.4994690007803304)
  (0.032440034534631075, 0.4984063232969009)
  (0.05499218145194634, 0.4967047784467711)
  (0.07625298977345495, 0.49355103544853657)
  (0.0979182906459614, 0.49029917609286106)
  (0.11855189660574553, 0.48574216186283503)
  (0.09650783082852567, 0.39542110860729085)
  (0.07187195852669043, 0.3410397411185975)
  (-0.05021305974582707, 0.41847058912515295)
  (-0.13664968563332147, 0.4195142218443668)
  (-0.1639385233292813, 0.47236020214304114)
  (-0.14219711971635046, 0.47920790679818887)
  (-0.12012532201378072, 0.484736604310663)
  (-0.09805971307220407, 0.49029000874196593)
Piece 15:
  (0.24910291399851026, -0.10409348862695691)
  (0.15437856374492764, -0.27069220630140617)
  (0.20432415052652064, -0.30989767837541365)
  (0.26649550595782046, -0.31652962243115285)
  (0.19108000035067488, -0.2671196046819644)
  (0.323486912697962, -0.18644874158423688)
  (0.3855034889120797, -0.1602415556281443)
  (0.4673852001903937, -0.17762622172130332)
  (0.4755310425026875, -0.15335664373285937)
  (0.48260772060075663, -0.12862430219334975)
  (0.4890978747101563, -0.10384251997138866)
  (0.31507313482761046, -0.12393697744102436)
  (0.20201324220121483, -0.06014291820966346)
  (0.24910291399851026, -0.10409348862695691)
Piece 16:
  (0.138940973618749, 0.0013269436897864612)
  (0.18087340041492916, 0.11357737161852269)
  (0.05753696705201789, 0.20448006853459275)
  (-0.0068130963258675355, 0.11335761974021921)
  (0.04935546639659749, 0.03891809312995008)
  (0.02697467757761888, -0.053536758984502525)
  (0.138940973618749, 0.0013269436897864612)
Piece 17:
  (-0.319092144587916, -0.17348252325933866)
  (-0.15410234497490538, -0.18416377668679718)
  (-0.22932794906705226, -0.23846025433454449)
  (-0.29173539672337023, -0.21123177936287985)
  (-0.35619797862807845, -0.2382943548640875)
  (-0.42201827029405653, -0.2681428342097037)
  (-0.43364581733633883, -0.24790239967743935)
  (-0.4449051524586259, -0.22735838098578545)
  (-0.4553650675578919, -0.20650098122768462)
  (-0.46321575961929806, -0.18777555363218967)
  (-0.47004641489003907, -0.16868515103704337)
  (-0.47687707016078, -0.14959474844189713)
  (-0.48237241692968463, -0.12956368710541186)
  (-0.48730453981175775, -0.10987354883112292)
  (-0.4915428056935965, -0.08979137508552182)
  (-0.4950799848625433, -0.06997005494140988)
  (-0.39240213008709124, -0.08374915091621785)
  (-0.319092144587916, -0.17348252325933866)
Piece 18:
  (0.12433716571390126, -0.2816482830977043)
  (0.04569619833476464, -0.2880175070208887)
  (-0.012947090487067534, -0.23462470323540682)
  (-0.04286941335120005, -0.16047449081292395)
  (0.13225708333041647, -0.1488312754696672)
  (0.19279572716017676, -0.13351853474396227)
  (0.24910291399851026, -0.10409348862695691)
  (0.15437856374492764, -0.27069220630140617)
  (0.13699048227560168, -0.3562759517792452)
  (0.12433716571390126, -0.2816482830977043)
Piece 19:
  (-0.15410234497490538, -0.18416377668679718)
  (-0.07716271504599063, -0.3551598426171783)
  (0.03635272747617048, -0.36738783605998304)
  (0.04569619833476464, -0.2880175070208887)
  (-0.012947090487067534, -0.23462470323540682)
  (-0.04286941335120005, -0.16047449081292395)
  (-0.12273331060266558, -0.10241168953652513)
  (-0.15410234497490538, -0.18416377668679718)
Piece 20:
  (-0.270317993331614, 0.13355941095498708)
  (-0.21145495728495778, 0.14095066954308857)
  (-0.29855571758441224, 0.10580368879799032)
  (-0.3776679237812265, 0.14273003525965866)
  (-0.4677133258465526, 0.17676041645559815)
  (-0.4591503123519489, 0.19723952093647742)
  (-0.4496696838116231, 0.21728462582290214)
  (-0.43995815558098766, 0.23737089956469284)
  (-0.42912033708436753, 0.25662372513195036)
  (-0.41774573594051956, 0.2744300828469374)
  (-0.4053604254060924, 0.2917733496437587)
  (-0.3927357086895065, 0.3087958095880613)
  (-0.3795944498540579, 0.3254351757877368)
  (-0.3402983486062834, 0.31814016781089255)
  (-0.2678391774434218, 0.253249048347116)
  (-0.270317993331614, 0.13355941095498708)
Piece 21:
  (0.13699048227560168, -0.3562759517792452)
  (0.15437856374492764, -0.27069220630140617)
  (0.20432415052652064, -0.30989767837541365)
  (0.20351801286075372, -0.3803554597684363)
  (0.1511108408464632, -0.41279075724362996)
  (0.1259549014032495, -0.48387535875729165)
  (0.10599387900983173, -0.4882763465118389)
  (0.0858547621418151, -0.4921267470621574)
  (0.06571717389309722, -0.49566243861675097)
  (0.03973438651264704, -0.49804797476311125)
  (0.013697244528114855, -0.4993270975258116)
  (-0.012377206302095631, -0.4998467812881817)
  (0.03635272747617048, -0.36738783605998304)
  (0.04569619833476464, -0.2880175070208887)
  (0.12433716571390126, -0.2816482830977043)
  (0.13699048227560168, -0.3562759517792452)
Piece 22:
  (0.138940973618749, 0.0013269436897864612)
  (0.18087340041492916, 0.11357737161852269)
  (0.2115507947105098, 0.007689454142740977)
  (0.31507313482761046, -0.12393697744102436)
  (0.20201324220121483, -0.06014291820966346)
  (0.05983410091965485, -0.06570867215831577)
  (-0.04286941335120005, -0.16047449081292395)
  (-0.12273331060266558, -0.10241168953652513)
  (-0.013918668053427896, -0.063774656476876)
  (0.014234592474176154, 0.038997240959057544)
  (-0.0068130963258675355, 0.11335761974021921)
  (0.04935546639659749, 0.03891809312995008)
  (0.02697467757761888, -0.053536758984502525)
  (0.138940973618749, 0.0013269436897864612)
Piece 23:
  (0.3936979352558475, 0.13305472885848846)
  (0.3013416144361042, -0.06494812130585806)
  (0.3904480177327988, 0.02144443019034393)
  (0.49669969524327096, 0.05735340221156676)
  (0.4932806767516612, 0.07807560006083016)
  (0.49000898741027765, 0.09907678880635182)
  (0.4848944127573662, 0.11949531537957242)
  (0.4797798381044548, 0.139913841952793)
  (0.4736798705241545, 0.1600855404470379)
  (0.4659946119351486, 0.1800091816869859)
  (0.45787767286233544, 0.19993029106246651)
  (0.44873322328046233, 0.21926460526089703)
  (0.43943693526152533, 0.23852710522696993)
  (0.3564284762363096, 0.15931622248114347)
  (0.2628208866578161, 0.10941424705635266)
  (0.2115507947105098, 0.007689454142740977)
  (0.27781390730027367, 0.024255617276726454)
  (0.3286001881560442, 0.09251043629387103)
  (0.3936979352558475, 0.13305472885848846)
Piece 24:
  (-0.2678391774434218, 0.253249048347116)
  (-0.3402983486062834, 0.31814016781089255)
  (-0.09830930717556063, 0.33186752652665685)
  (-0.01898703295871792, 0.229089896544854)
  (0.024150011988420386, 0.2152171865862652)
  (0.05753696705201789, 0.20448006853459275)
  (-0.025303896073999056, 0.17868464382824234)
  (-0.12551308125978197, 0.1835154783286349)
  (-0.2678391774434218, 0.253249048347116)
Piece 25:
  (-0.09830930717556063, 0.33186752652665685)
  (-0.01898703295871792, 0.229089896544854)
  (-0.050221817325995496, 0.2948511941043235)
  (-0.011632950068898418, 0.35208614615369854)
  (-0.05021305974582707, 0.41847058912515295)
  (-0.13664968563332147, 0.4195142218443668)
  (-0.1639385233292813, 0.47236020214304114)
  (-0.1860612183951328, 0.4638291585753681)
  (-0.2078291692736988, 0.45414178169936714)
  (-0.22941102704687966, 0.44426408888103464)
  (-0.24771481746604163, 0.43375824978701966)
  (-0.2658135476616096, 0.4229102883788637)
  (-0.28417512414390766, 0.410995653498755)
  (-0.3012579879892368, 0.3983261381959759)
  (-0.31891696607634773, 0.3849460158991351)
  (-0.3346481156226339, 0.37068813304244175)
  (-0.3503792651689201, 0.3564302501857485)
  (-0.3651935611806965, 0.34071044146151913)
  (-0.3795944498540579, 0.3254351757877368)
  (-0.3402983486062834, 0.31814016781089255)
  (-0.09830930717556063, 0.33186752652665685)
Piece 26:
  (0.2669446503042959, 0.18322422952370448)
  (0.21232391253611965, 0.2666962499324427)
  (0.09650783082852567, 0.39542110860729085)
  (0.07187195852669043, 0.3410397411185975)
  (0.13323902150868336, 0.2129252163288037)
  (0.024150011988420386, 0.2152171865862652)
  (0.05753696705201789, 0.20448006853459275)
  (0.18087340041492916, 0.11357737161852269)
  (0.2115507947105098, 0.007689454142740977)
  (0.2628208866578161, 0.10941424705635266)
  (0.2669446503042959, 0.18322422952370448)
Piece 27:
  (-0.15410234497490538, -0.18416377668679718)
  (-0.3208688160617457, -0.3834621270466402)
  (-0.3039364874099692, -0.3963396276374004)
  (-0.2868512254358002, -0.4090109215137436)
  (-0.26862975663356603, -0.4212223176806449)
  (-0.2502687738596562, -0.43222746723505767)
  (-0.23108713337477244, -0.4431415839206145)
  (-0.21179999105086308, -0.4522637228674262)
  (-0.19251284872695376, -0.46138586181423796)
  (-0.1726320356043715, -0.4692527893183918)
  (-0.07716271504599063, -0.3551598426171783)
  (-0.15410234497490538, -0.18416377668679718)
Piece 28:
  (0.3904480177327988, 0.02144443019034393)
  (0.3013416144361042, -0.06494812130585806)
  (0.3936979352558475, 0.13305472885848846)
  (0.3286001881560442, 0.09251043629387103)
  (0.27781390730027367, 0.024255617276726454)
  (0.2115507947105098, 0.007689454142740977)
  (0.31507313482761046, -0.12393697744102436)
  (0.4890978747101563, -0.10384251997138866)
  (0.49239575309116895, -0.0840412708004645)
  (0.4953407554715186, -0.06418767741950343)
  (0.49785393474898526, -0.04368416173814106)
  (0.4988437202595362, -0.023536614822439374)
  (0.49983350577008717, -0.0033890679067376853)
  (0.4991516656389792, 0.01726824262092324)
  (0.49816645573388524, 0.03732265094788061)
  (0.49669969524327096, 0.05735340221156676)
  (0.3904480177327988, 0.02144443019034393)
Piece 29:
  (-0.21145495728495778, 0.14095066954308857)
  (-0.29855571758441224, 0.10580368879799032)
  (-0.3776679237812265, 0.14273003525965866)
  (-0.29689786710102867, -0.07820527921232419)
  (-0.2383819955787482, -0.09941572310624691)
  (-0.1639264993119487, -0.05376141044238312)
  (-0.12357320567191421, 0.005905272877161492)
  (-0.1619821216532946, 0.08052065855814089)
  (-0.21145495728495778, 0.14095066954308857)
Piece 30:
  (-0.12551308125978197, 0.1835154783286349)
  (-0.2678391774434218, 0.253249048347116)
  (-0.270317993331614, 0.13355941095498708)
  (-0.21145495728495778, 0.14095066954308857)
  (-0.1619821216532946, 0.08052065855814089)
  (-0.12357320567191421, 0.005905272877161492)
  (0.014234592474176154, 0.038997240959057544)
  (-0.0068130963258675355, 0.11335761974021921)
  (0.05753696705201789, 0.20448006853459275)
  (-0.025303896073999056, 0.17868464382824234)
  (-0.12551308125978197, 0.1835154783286349)

Available Edges:
