Pieces:
Piece 1:
  (0.05977905269678133, -0.49641360261245404)
  (0.1790769035926951, -0.4668312999356969)
  (0.1386027546138984, -0.3613202083181094)
  (0.02994661064044951, -0.3394279803057145)
  (-0.06433373871809107, -0.4183288181881452)
  (0.05977905269678133, -0.49641360261245404)
Piece 2:
  (0.1386027546138984, -0.3613202083181094)
  (0.1790769035926951, -0.4668312999356969)
  (0.2912439545268759, -0.4064196832727803)
  (0.2525061837448201, -0.30543511447584776)
  (0.11050626319496512, -0.2887627234153219)
  (0.1386027546138984, -0.3613202083181094)
Piece 3:
  (0.2525061837448201, -0.30543511447584776)
  (0.2912439545268759, -0.4064196832727803)
  (0.3573987095803703, -0.3496657867025113)
  (0.320651278340766, -0.29838616653065275)
  (0.3017380600937146, -0.2182053424000442)
  (0.30326405298669207, -0.14160961124179677)
  (0.24339428136594982, -0.14784793301506785)
  (0.19651087601567255, -0.1983694592872979)
  (0.2525061837448201, -0.30543511447584776)
Piece 4:
  (0.3017380600937146, -0.2182053424000442)
  (0.320651278340766, -0.29838616653065275)
  (0.3573987095803703, -0.3496657867025113)
  (0.40862448178205085, -0.28814238301289585)
  (0.4044281700836452, -0.21456650416097853)
  (0.40380119194852043, -0.14430808538706652)
  (0.43167414285003386, -0.08179735823467438)
  (0.3681734930333882, -0.09030581996529795)
  (0.3017380600937146, -0.2182053424000442)
Piece 5:
  (-0.06433373871809107, -0.4183288181881452)
  (0.05977905269678133, -0.49641360261245404)
  (-0.004089543046514164, -0.49998327535795706)
  (-0.0561776815618824, -0.45994176380665736)
  (-0.11772132056234422, -0.43799695424329305)
  (-0.15291302132101936, -0.3739969688647653)
  (-0.1421234685797199, -0.30765402423604693)
  (-0.06955046490892669, -0.27200687170066745)
  (-0.06433373871809107, -0.4183288181881452)
Piece 6:
  (0.40862448178205085, -0.28814238301289585)
  (0.4044281700836452, -0.21456650416097853)
  (0.40380119194852043, -0.14430808538706652)
  (0.43167414285003386, -0.08179735823467438)
  (0.4912582303697109, -0.09308786759841546)
  (0.40862448178205085, -0.28814238301289585)
Piece 7:
  (-0.004089543046514164, -0.49998327535795706)
  (-0.0561776815618824, -0.45994176380665736)
  (-0.11772132056234422, -0.43799695424329305)
  (-0.15291302132101936, -0.3739969688647653)
  (-0.1421234685797199, -0.30765402423604693)
  (-0.2096863467926892, -0.4539070785620512)
  (-0.004089543046514164, -0.49998327535795706)
Piece 8:
  (-0.1421234685797199, -0.30765402423604693)
  (-0.2096863467926892, -0.4539070785620512)
  (-0.29492329927926236, -0.40375765942237507)
  (-0.2537370448383018, -0.31460196227680615)
  (-0.1879386693550515, -0.2143409148716039)
  (-0.1272493667829105, -0.15440262075248753)
  (-0.1421234685797199, -0.30765402423604693)
Piece 9:
  (0.43167414285003386, -0.08179735823467438)
  (0.4912582303697109, -0.09308786759841546)
  (0.4999347933892312, 0.008074797760114277)
  (0.389994748431564, 0.028907190412510567)
  (0.29624482604407554, 0.06516996431062655)
  (0.43167414285003386, -0.08179735823467438)
Piece 10:
  (-0.2537370448383018, -0.31460196227680615)
  (-0.29492329927926236, -0.40375765942237507)
  (-0.3952012067266791, -0.30629398655830103)
  (-0.3090303424035282, -0.1883238344050328)
  (-0.20898093375397853, -0.13276472989933438)
  (-0.2537370448383018, -0.31460196227680615)
Piece 11:
  (-0.3090303424035282, -0.1883238344050328)
  (-0.3952012067266791, -0.30629398655830103)
  (-0.4490403616868205, -0.219915332744603)
  (-0.3767928992398807, -0.16392116340771962)
  (-0.3582035852894116, -0.07445273036908301)
  (-0.3132890881726643, -0.0071888978243193485)
  (-0.3090303424035282, -0.1883238344050328)
Piece 12:
  (0.389994748431564, 0.028907190412510567)
  (0.4999347933892312, 0.008074797760114277)
  (0.48106082321422017, 0.13631025041594197)
  (0.36932298957905274, 0.13450549423435973)
  (0.27270245554228684, 0.19723350809357099)
  (0.389994748431564, 0.028907190412510567)
Piece 13:
  (-0.3582035852894116, -0.07445273036908301)
  (-0.3767928992398807, -0.16392116340771962)
  (-0.4490403616868205, -0.219915332744603)
  (-0.48589837234286803, -0.117910015497207)
  (-0.4247324463938728, -0.01717395173490327)
  (-0.40283659434529984, 0.10018595081280696)
  (-0.39234319192002576, 0.059127684757609156)
  (-0.3582035852894116, -0.07445273036908301)
Piece 14:
  (0.27270245554228684, 0.19723350809357099)
  (0.36932298957905274, 0.13450549423435973)
  (0.48106082321422017, 0.13631025041594197)
  (0.4528144962394071, 0.21203544985556536)
  (0.3749894121458086, 0.2072814843380893)
  (0.2977706021320433, 0.22720962056331995)
  (0.23827619054388127, 0.21139260783079897)
  (0.15984151057395424, 0.18019661388765362)
  (0.27270245554228684, 0.19723350809357099)
Piece 15:
  (0.3749894121458086, 0.2072814843380893)
  (0.4528144962394071, 0.21203544985556536)
  (0.3603656213225444, 0.34660729791626793)
  (0.24264162693188057, 0.29148172151197144)
  (0.3749894121458086, 0.2072814843380893)
Piece 16:
  (0.24264162693188057, 0.29148172151197144)
  (0.3603656213225444, 0.34660729791626793)
  (0.24136893650121088, 0.4378824459741158)
  (0.10375838623605374, 0.3055257000194679)
  (0.24264162693188057, 0.29148172151197144)
Piece 17:
  (0.10375838623605374, 0.3055257000194679)
  (0.24136893650121088, 0.4378824459741158)
  (0.16939892369900367, 0.4704295958479006)
  (0.12997311598911127, 0.3989047784262263)
  (0.06870333669758093, 0.3799052313209339)
  (0.026420840572532307, 0.31775666806909414)
  (0.06307422929883584, 0.26213377373114816)
  (0.12904625862445568, 0.21032036808379206)
  (0.10375838623605374, 0.3055257000194679)
Piece 18:
  (0.06870333669758093, 0.3799052313209339)
  (0.12997311598911127, 0.3989047784262263)
  (0.16939892369900367, 0.4704295958479006)
  (0.08782978862536639, 0.4922254851488527)
  (0.018419352398949082, 0.45841157456096315)
  (-0.024948194908691976, 0.3982807638973208)
  (-0.019591669014419243, 0.3237867895297212)
  (0.06870333669758093, 0.3799052313209339)
Piece 19:
  (-0.024948194908691976, 0.3982807638973208)
  (0.018419352398949082, 0.45841157456096315)
  (0.08782978862536639, 0.4922254851488527)
  (-0.00857542462584015, 0.4999264566838672)
  (-0.08871380592657337, 0.45017517834068843)
  (-0.16370373065178348, 0.44121614837982215)
  (-0.1789740431381322, 0.3453806870158129)
  (-0.024948194908691976, 0.3982807638973208)
Piece 20:
  (-0.40283659434529984, 0.10018595081280696)
  (-0.4247324463938728, -0.01717395173490327)
  (-0.48589837234286803, -0.117910015497207)
  (-0.49970315442217567, -0.01722664971859843)
  (-0.47065896627720205, 0.046918880399283325)
  (-0.4473400559257732, 0.13375544645527931)
  (-0.37125309344369856, 0.1302954493703617)
  (-0.40283659434529984, 0.10018595081280696)
Piece 21:
  (-0.00857542462584015, 0.4999264566838672)
  (-0.08871380592657337, 0.45017517834068843)
  (-0.16370373065178348, 0.44121614837982215)
  (-0.1789740431381322, 0.3453806870158129)
  (-0.23004487684819427, 0.4439362055925368)
  (-0.00857542462584015, 0.4999264566838672)
Piece 22:
  (-0.49970315442217567, -0.01722664971859843)
  (-0.47065896627720205, 0.046918880399283325)
  (-0.4473400559257732, 0.13375544645527931)
  (-0.37125309344369856, 0.1302954493703617)
  (-0.471787600457868, 0.1655791655197209)
  (-0.49970315442217567, -0.01722664971859843)
Piece 23:
  (-0.1789740431381322, 0.3453806870158129)
  (-0.23004487684819427, 0.4439362055925368)
  (-0.29838956822607177, 0.40120277363679635)
  (-0.26700421275146474, 0.3406359146331751)
  (-0.2571808789140643, 0.2727162469359598)
  (-0.1852155205577954, 0.24701217028752281)
  (-0.17365090496004004, 0.18349244476135007)
  (-0.13031352130197615, 0.242217336711298)
  (-0.1789740431381322, 0.3453806870158129)
Piece 24:
  (-0.2571808789140643, 0.2727162469359598)
  (-0.26700421275146474, 0.3406359146331751)
  (-0.29838956822607177, 0.40120277363679635)
  (-0.3607743152635732, 0.3461818791417308)
  (-0.31144475136100336, 0.2988475751002758)
  (-0.28330801174400716, 0.23447536033766306)
  (-0.27599246669108896, 0.17456725638807463)
  (-0.17365090496004004, 0.18349244476135007)
  (-0.2571808789140643, 0.2727162469359598)
Piece 25:
  (-0.37125309344369856, 0.1302954493703617)
  (-0.471787600457868, 0.1655791655197209)
  (-0.423974220901696, 0.26503935558856134)
  (-0.3310553783658204, 0.23242844255647416)
  (-0.30699998488058644, 0.15301680272151935)
  (-0.39234319192002576, 0.059127684757609156)
  (-0.37125309344369856, 0.1302954493703617)
Piece 26:
  (-0.31144475136100336, 0.2988475751002758)
  (-0.3607743152635732, 0.3461818791417308)
  (-0.423974220901696, 0.26503935558856134)
  (-0.3310553783658204, 0.23242844255647416)
  (-0.31144475136100336, 0.2988475751002758)

Available Edges:
Edge 1:
  (0.1386027546138984, -0.3613202083181094)
  (0.02994661064044951, -0.3394279803057145)
Edge 2:
  (0.02994661064044951, -0.3394279803057145)
  (-0.06433373871809107, -0.4183288181881452)
Edge 3:
  (0.2525061837448201, -0.30543511447584776)
  (0.11050626319496512, -0.2887627234153219)
Edge 4:
  (0.11050626319496512, -0.2887627234153219)
  (0.1386027546138984, -0.3613202083181094)
Edge 5:
  (0.3017380600937146, -0.2182053424000442)
  (0.30326405298669207, -0.14160961124179677)
Edge 6:
  (0.30326405298669207, -0.14160961124179677)
  (0.24339428136594982, -0.14784793301506785)
Edge 7:
  (0.24339428136594982, -0.14784793301506785)
  (0.19651087601567255, -0.1983694592872979)
Edge 8:
  (0.19651087601567255, -0.1983694592872979)
  (0.2525061837448201, -0.30543511447584776)
Edge 9:
  (0.43167414285003386, -0.08179735823467438)
  (0.3681734930333882, -0.09030581996529795)
Edge 10:
  (0.3681734930333882, -0.09030581996529795)
  (0.3017380600937146, -0.2182053424000442)
Edge 11:
  (-0.1421234685797199, -0.30765402423604693)
  (-0.06955046490892669, -0.27200687170066745)
Edge 12:
  (-0.06955046490892669, -0.27200687170066745)
  (-0.06433373871809107, -0.4183288181881452)
Edge 13:
  (-0.2537370448383018, -0.31460196227680615)
  (-0.1879386693550515, -0.2143409148716039)
Edge 14:
  (-0.1879386693550515, -0.2143409148716039)
  (-0.1272493667829105, -0.15440262075248753)
Edge 15:
  (-0.1272493667829105, -0.15440262075248753)
  (-0.1421234685797199, -0.30765402423604693)
Edge 16:
  (0.389994748431564, 0.028907190412510567)
  (0.29624482604407554, 0.06516996431062655)
Edge 17:
  (0.29624482604407554, 0.06516996431062655)
  (0.43167414285003386, -0.08179735823467438)
Edge 18:
  (-0.3090303424035282, -0.1883238344050328)
  (-0.20898093375397853, -0.13276472989933438)
Edge 19:
  (-0.20898093375397853, -0.13276472989933438)
  (-0.2537370448383018, -0.31460196227680615)
Edge 20:
  (-0.3582035852894116, -0.07445273036908301)
  (-0.3132890881726643, -0.0071888978243193485)
Edge 21:
  (-0.3132890881726643, -0.0071888978243193485)
  (-0.3090303424035282, -0.1883238344050328)
Edge 22:
  (0.27270245554228684, 0.19723350809357099)
  (0.389994748431564, 0.028907190412510567)
Edge 23:
  (-0.40283659434529984, 0.10018595081280696)
  (-0.39234319192002576, 0.059127684757609156)
Edge 24:
  (-0.39234319192002576, 0.059127684757609156)
  (-0.3582035852894116, -0.07445273036908301)
Edge 25:
  (0.3749894121458086, 0.2072814843380893)
  (0.2977706021320433, 0.22720962056331995)
Edge 26:
  (0.2977706021320433, 0.22720962056331995)
  (0.23827619054388127, 0.21139260783079897)
Edge 27:
  (0.23827619054388127, 0.21139260783079897)
  (0.15984151057395424, 0.18019661388765362)
Edge 28:
  (0.15984151057395424, 0.18019661388765362)
  (0.27270245554228684, 0.19723350809357099)
Edge 29:
  (0.24264162693188057, 0.29148172151197144)
  (0.3749894121458086, 0.2072814843380893)
Edge 30:
  (0.10375838623605374, 0.3055257000194679)
  (0.24264162693188057, 0.29148172151197144)
Edge 31:
  (0.06870333669758093, 0.3799052313209339)
  (0.026420840572532307, 0.31775666806909414)
Edge 32:
  (0.026420840572532307, 0.31775666806909414)
  (0.06307422929883584, 0.26213377373114816)
Edge 33:
  (0.06307422929883584, 0.26213377373114816)
  (0.12904625862445568, 0.21032036808379206)
Edge 34:
  (0.12904625862445568, 0.21032036808379206)
  (0.10375838623605374, 0.3055257000194679)
Edge 35:
  (-0.024948194908691976, 0.3982807638973208)
  (-0.019591669014419243, 0.3237867895297212)
Edge 36:
  (-0.019591669014419243, 0.3237867895297212)
  (0.06870333669758093, 0.3799052313209339)
Edge 37:
  (-0.1789740431381322, 0.3453806870158129)
  (-0.024948194908691976, 0.3982807638973208)
Edge 38:
  (-0.37125309344369856, 0.1302954493703617)
  (-0.40283659434529984, 0.10018595081280696)
Edge 39:
  (-0.2571808789140643, 0.2727162469359598)
  (-0.1852155205577954, 0.24701217028752281)
Edge 40:
  (-0.1852155205577954, 0.24701217028752281)
  (-0.17365090496004004, 0.18349244476135007)
Edge 41:
  (-0.17365090496004004, 0.18349244476135007)
  (-0.13031352130197615, 0.242217336711298)
Edge 42:
  (-0.13031352130197615, 0.242217336711298)
  (-0.1789740431381322, 0.3453806870158129)
Edge 43:
  (-0.31144475136100336, 0.2988475751002758)
  (-0.28330801174400716, 0.23447536033766306)
Edge 44:
  (-0.28330801174400716, 0.23447536033766306)
  (-0.27599246669108896, 0.17456725638807463)
Edge 45:
  (-0.27599246669108896, 0.17456725638807463)
  (-0.17365090496004004, 0.18349244476135007)
Edge 46:
  (-0.17365090496004004, 0.18349244476135007)
  (-0.2571808789140643, 0.2727162469359598)
Edge 47:
  (-0.3310553783658204, 0.23242844255647416)
  (-0.30699998488058644, 0.15301680272151935)
Edge 48:
  (-0.30699998488058644, 0.15301680272151935)
  (-0.39234319192002576, 0.059127684757609156)
Edge 49:
  (-0.39234319192002576, 0.059127684757609156)
  (-0.37125309344369856, 0.1302954493703617)
Edge 50:
  (-0.3310553783658204, 0.23242844255647416)
  (-0.31144475136100336, 0.2988475751002758)
