Pieces:
Piece 1:
  (0.389994748431564, 0.028907190412510567)
  (0.4999347933892312, 0.008074797760114277)
  (0.49854909573996653, 0.029533834692067756)
  (0.49724443661659035, 0.05135410158491654)
  (0.49407464546609753, 0.07272309776106908)
  (0.49090485431560477, 0.09409209393722164)
  (0.4859280263397218, 0.11536889865286457)
  (0.48106082321422017, 0.13631025041594197)
  (0.36932298957905274, 0.13450549423435973)
  (0.27270245554228684, 0.19723350809357099)
  (0.389994748431564, 0.028907190412510567)
Piece 2:
  (0.10375838623605374, 0.3055257000194679)
  (0.24136893650121088, 0.4378824459741158)
  (0.21772430722428796, 0.449461729996153)
  (0.19392654178017157, 0.46071723479614374)
  (0.16939892369900367, 0.4704295958479006)
  (0.12997311598911127, 0.3989047784262263)
  (0.06870333669758093, 0.3799052313209339)
  (0.026420840572532307, 0.31775666806909414)
  (0.06307422929883584, 0.26213377373114816)
  (0.12904625862445568, 0.21032036808379206)
  (0.10375838623605374, 0.3055257000194679)
Piece 3:
  (0.24264162693188057, 0.29148172151197144)
  (0.3603656213225444, 0.34660729791626793)
  (0.3449285411132481, 0.3613704985027113)
  (0.3291073959098101, 0.37570994866848817)
  (0.31251864628718073, 0.38997466481792303)
  (0.2953126127232143, 0.4027355290098137)
  (0.2781065791592479, 0.4154963932017043)
  (0.25948389987319903, 0.42670413326156775)
  (0.24136893650121088, 0.4378824459741158)
  (0.10375838623605374, 0.3055257000194679)
  (0.24264162693188057, 0.29148172151197144)
Piece 4:
  (0.1386027546138984, -0.3613202083181094)
  (0.1790769035926951, -0.4668312999356969)
  (0.1985970063458818, -0.45850826956951424)
  (0.21776566350723542, -0.44944216993105707)
  (0.23721423363481883, -0.44005205752564797)
  (0.2554076104742052, -0.42914736710233686)
  (0.2736009873135916, -0.4182426766790257)
  (0.2912439545268759, -0.4064196832727803)
  (0.2525061837448201, -0.30543511447584776)
  (0.11050626319496512, -0.2887627234153219)
  (0.1386027546138984, -0.3613202083181094)
Piece 5:
  (0.11050626319496512, -0.2887627234153219)
  (0.2525061837448201, -0.30543511447584776)
  (0.19651087601567255, -0.1983694592872979)
  (0.21754897279598712, -0.09695808320584715)
  (0.13945188511123718, -0.1620355520432405)
  (0.061055456594260996, -0.18091137715230346)
  (0.11050626319496512, -0.2887627234153219)
Piece 6:
  (0.3017380600937146, -0.2182053424000442)
  (0.320651278340766, -0.29838616653065275)
  (0.3573987095803703, -0.3496657867025113)
  (0.3706510285321675, -0.3346890541410544)
  (0.3840800185551789, -0.3198724469048401)
  (0.3963522672774973, -0.30391944482817584)
  (0.40862448178205085, -0.28814238301289585)
  (0.4044281700836452, -0.21456650416097853)
  (0.40380119194852043, -0.14430808538706652)
  (0.43167414285003386, -0.08179735823467438)
  (0.3681734930333882, -0.09030581996529795)
  (0.3017380600937146, -0.2182053424000442)
Piece 7:
  (0.2525061837448201, -0.30543511447584776)
  (0.2912439545268759, -0.4064196832727803)
  (0.30838356110209625, -0.3930414530043223)
  (0.3253190291776998, -0.37914352413134267)
  (0.341458987428813, -0.36451511866235903)
  (0.3573987095803703, -0.3496657867025113)
  (0.320651278340766, -0.29838616653065275)
  (0.3017380600937146, -0.2182053424000442)
  (0.30326405298669207, -0.14160961124179677)
  (0.24339428136594982, -0.14784793301506785)
  (0.19651087601567255, -0.1983694592872979)
  (0.2525061837448201, -0.30543511447584776)
Piece 8:
  (0.30326405298669207, -0.14160961124179677)
  (0.3017380600937146, -0.2182053424000442)
  (0.3681734930333882, -0.09030581996529795)
  (0.2548842602451623, 0.01618932066591315)
  (0.16026781752671826, 0.07751949866775139)
  (0.16224838859155852, -0.0027188432182519984)
  (0.30326405298669207, -0.14160961124179677)
Piece 9:
  (-0.13031352130197615, 0.242217336711298)
  (-0.11115020391425408, 0.3110379512411472)
  (-0.1789740431381322, 0.3453806870158129)
  (-0.23004487684819427, 0.4439362055925368)
  (-0.24750820293393755, 0.4338820897717263)
  (-0.26478941271058004, 0.42352413124548827)
  (-0.28189638311539544, 0.4126856830273636)
  (-0.29838956822607177, 0.40120277363679635)
  (-0.26700421275146474, 0.3406359146331751)
  (-0.2571808789140643, 0.2727162469359598)
  (-0.1852155205577954, 0.24701217028752281)
  (-0.17365090496004004, 0.18349244476135007)
  (-0.13031352130197615, 0.242217336711298)
Piece 10:
  (-0.019591669014419243, 0.3237867895297212)
  (-0.024948194908691976, 0.3982807638973208)
  (-0.1789740431381322, 0.3453806870158129)
  (-0.11115020391425408, 0.3110379512411472)
  (-0.13031352130197615, 0.242217336711298)
  (-0.04543190037731394, 0.19754172107396128)
  (0.028793987320630585, 0.22984287387073593)
  (-0.019591669014419243, 0.3237867895297212)
Piece 11:
  (0.43167414285003386, -0.08179735823467438)
  (0.40380119194852043, -0.14430808538706652)
  (0.4044281700836452, -0.21456650416097853)
  (0.40862448178205085, -0.28814238301289585)
  (0.42007354873471997, -0.2705463618303462)
  (0.4308587084348665, -0.25255240995453043)
  (0.44192818447374205, -0.2336526509539319)
  (0.4509777161152109, -0.21451902387903038)
  (0.46002724775667986, -0.19538539680412886)
  (0.4679333951861034, -0.17459064549412684)
  (0.4750583087737829, -0.15467784599638906)
  (0.4813237858196331, -0.13375005716336058)
  (0.4864090533508806, -0.11344853117828074)
  (0.4912582303697109, -0.09308786759841546)
  (0.4940321763574973, -0.07300940123539801)
  (0.4970061345129394, -0.05296060387478943)
  (0.49840408626095734, -0.03248557044735597)
  (0.49939983177986175, -0.012216704774570803)
  (0.4999347933892312, 0.008074797760114277)
  (0.389994748431564, 0.028907190412510567)
  (0.29624482604407554, 0.06516996431062655)
  (0.43167414285003386, -0.08179735823467438)
Piece 12:
  (-0.3310553783658204, 0.23242844255647416)
  (-0.423974220901696, 0.26503935558856134)
  (-0.4125068424523973, 0.2821375217161357)
  (-0.4002565929365397, 0.298655071089536)
  (-0.388006343420682, 0.3151726204629363)
  (-0.37425367671380977, 0.3307141444102268)
  (-0.3607743152635732, 0.3461818791417308)
  (-0.31144475136100336, 0.2988475751002758)
  (-0.28330801174400716, 0.23447536033766306)
  (-0.3132890881726643, -0.0071888978243193485)
  (-0.3582035852894116, -0.07445273036908301)
  (-0.39234319192002576, 0.059127684757609156)
  (-0.30699998488058644, 0.15301680272151935)
  (-0.3310553783658204, 0.23242844255647416)
Piece 13:
  (-0.20898093375397853, -0.13276472989933438)
  (-0.3090303424035282, -0.1883238344050328)
  (-0.3132890881726643, -0.0071888978243193485)
  (-0.1331036053912721, 0.036922741929059304)
  (-0.20898093375397853, -0.13276472989933438)
Piece 14:
  (-0.2537370448383018, -0.31460196227680615)
  (-0.29492329927926236, -0.40375765942237507)
  (-0.3131268885006768, -0.38952356164801794)
  (-0.33090057718499566, -0.3740847038961856)
  (-0.34815901216944123, -0.35844257020633236)
  (-0.36461156522426175, -0.34135257504600924)
  (-0.38023184125433596, -0.3241182562727973)
  (-0.3952012067266791, -0.30629398655830103)
  (-0.3090303424035282, -0.1883238344050328)
  (-0.20898093375397853, -0.13276472989933438)
  (-0.2537370448383018, -0.31460196227680615)
Piece 15:
  (-0.00857542462584015, 0.4999264566838672)
  (-0.028892949317180613, 0.49858058041949804)
  (-0.04998495098158632, 0.49744753092342403)
  (-0.07042384262494474, 0.4944157077473172)
  (-0.09086273426830316, 0.4913838845712103)
  (-0.11230414871862271, 0.48669570623449654)
  (-0.13244877113677506, 0.48164974100077196)
  (-0.15351066790563483, 0.47547593177244774)
  (-0.17297373577662253, 0.4685119347338755)
  (-0.19308743988984903, 0.46111410043365014)
  (-0.21150785965074081, 0.4524018907296159)
  (-0.23004487684819427, 0.4439362055925368)
  (-0.1789740431381322, 0.3453806870158129)
  (-0.024948194908691976, 0.3982807638973208)
  (0.018419352398949082, 0.45841157456096315)
  (0.08782978862536639, 0.4922254851488527)
  (0.06391109500705865, 0.4953817825968043)
  (0.0397240851981676, 0.4980484808342401)
  (0.01558645566591699, 0.49923428653406204)
  (-0.00857542462584015, 0.4999264566838672)
Piece 16:
  (-0.004089543046514164, -0.49998327535795706)
  (-0.02481650955023913, -0.4987808430635229)
  (-0.045552502536948446, -0.49776214905124405)
  (-0.06706700340736205, -0.4949136478076648)
  (-0.08785279801058812, -0.491830366438426)
  (-0.10950589800907272, -0.4873966315485849)
  (-0.129937756292419, -0.48227871747612994)
  (-0.1510889118592172, -0.47634244994148406)
  (-0.1707766974605702, -0.46929804761330624)
  (-0.1904644830619232, -0.4622536452851284)
  (-0.2096863467926892, -0.4539070785620512)
  (-0.1421234685797199, -0.30765402423604693)
  (-0.06955046490892669, -0.27200687170066745)
  (-0.06433373871809107, -0.4183288181881452)
  (0.05977905269678133, -0.49641360261245404)
  (0.03851430135653982, -0.4981079137032813)
  (0.017217712047298044, -0.4991541480468784)
  (-0.004089543046514164, -0.49998327535795706)
Piece 17:
  (0.16224838859155852, -0.0027188432182519984)
  (0.30326405298669207, -0.14160961124179677)
  (0.24339428136594982, -0.14784793301506785)
  (0.19651087601567255, -0.1983694592872979)
  (0.21754897279598712, -0.09695808320584715)
  (0.13945188511123718, -0.1620355520432405)
  (0.09834271106215964, 0.0059762071528979)
  (0.09928085315309174, 0.13110975347602888)
  (0.18620662132044824, 0.10258304863374548)
  (0.2548842602451623, 0.01618932066591315)
  (0.16026781752671826, 0.07751949866775139)
  (0.16224838859155852, -0.0027188432182519984)
Piece 18:
  (-0.008184165970848723, 0.12251063188275021)
  (-0.0010705788554425527, 0.10818116465929281)
  (-0.1331036053912721, 0.036922741929059304)
  (0.009039261923443898, -0.04222395467607723)
  (0.13945188511123718, -0.1620355520432405)
  (0.09834271106215964, 0.0059762071528979)
  (0.05319168857666706, 0.07045869005710881)
  (-0.008184165970848723, 0.12251063188275021)
Piece 19:
  (0.061055456594260996, -0.18091137715230346)
  (0.13945188511123718, -0.1620355520432405)
  (0.009039261923443898, -0.04222395467607723)
  (-0.06955046490892669, -0.27200687170066745)
  (-0.00732863260478471, -0.21528795695800879)
  (-0.00013459090551679823, -0.1215660075316188)
  (0.020126909026271473, -0.2202015701191914)
  (0.02994661064044951, -0.3394279803057145)
  (0.1386027546138984, -0.3613202083181094)
  (0.11050626319496512, -0.2887627234153219)
  (0.061055456594260996, -0.18091137715230346)
Piece 20:
  (-0.1272493667829105, -0.15440262075248753)
  (0.009039261923443898, -0.04222395467607723)
  (-0.1331036053912721, 0.036922741929059304)
  (-0.20898093375397853, -0.13276472989933438)
  (-0.2537370448383018, -0.31460196227680615)
  (-0.1879386693550515, -0.2143409148716039)
  (-0.1272493667829105, -0.15440262075248753)
Piece 21:
  (0.23827619054388127, 0.21139260783079897)
  (0.15984151057395424, 0.18019661388765362)
  (0.09928085315309174, 0.13110975347602888)
  (0.09834271106215964, 0.0059762071528979)
  (0.05319168857666706, 0.07045869005710881)
  (-0.008184165970848723, 0.12251063188275021)
  (0.06341759826601434, 0.16721766750790157)
  (0.12904625862445568, 0.21032036808379206)
  (0.10375838623605374, 0.3055257000194679)
  (0.24264162693188057, 0.29148172151197144)
  (0.3749894121458086, 0.2072814843380893)
  (0.2977706021320433, 0.22720962056331995)
  (0.23827619054388127, 0.21139260783079897)
Piece 22:
  (-0.09920864434549106, 0.13570045773810516)
  (-0.27599246669108896, 0.17456725638807463)
  (-0.17365090496004004, 0.18349244476135007)
  (-0.13031352130197615, 0.242217336711298)
  (-0.04543190037731394, 0.19754172107396128)
  (-0.008184165970848723, 0.12251063188275021)
  (-0.0010705788554425527, 0.10818116465929281)
  (-0.1331036053912721, 0.036922741929059304)
  (-0.3132890881726643, -0.0071888978243193485)
  (-0.27023487493797377, 0.07370527340225964)
  (-0.17078071922145682, 0.06902438431916666)
  (-0.09920864434549106, 0.13570045773810516)
Piece 23:
  (0.3749894121458086, 0.2072814843380893)
  (0.24264162693188057, 0.29148172151197144)
  (0.3603656213225444, 0.34660729791626793)
  (0.3736639177163934, 0.3313648431905347)
  (0.3874559675906693, 0.31591471636346413)
  (0.39960531837581903, 0.2995332131794924)
  (0.41175466916096876, 0.2831517099955207)
  (0.4231123149361736, 0.26547648671388696)
  (0.43358422439524913, 0.24800516129142297)
  (0.4436593141043166, 0.2299924848721932)
  (0.4528144962394071, 0.21203544985556536)
  (0.4608813272292792, 0.19357959748008868)
  (0.4679529077006193, 0.1745361116693343)
  (0.47475930506569813, 0.15551350537876654)
  (0.48106082321422017, 0.13631025041594197)
  (0.36932298957905274, 0.13450549423435973)
  (0.27270245554228684, 0.19723350809357099)
  (0.2172419658549668, 0.1485175355611667)
  (0.15984151057395424, 0.18019661388765362)
  (0.23827619054388127, 0.21139260783079897)
  (0.2977706021320433, 0.22720962056331995)
  (0.3749894121458086, 0.2072814843380893)
Piece 24:
  (0.29624482604407554, 0.06516996431062655)
  (0.43167414285003386, -0.08179735823467438)
  (0.3681734930333882, -0.09030581996529795)
  (0.2548842602451623, 0.01618932066591315)
  (0.18620662132044824, 0.10258304863374548)
  (0.09928085315309174, 0.13110975347602888)
  (0.15984151057395424, 0.18019661388765362)
  (0.2172419658549668, 0.1485175355611667)
  (0.27270245554228684, 0.19723350809357099)
  (0.389994748431564, 0.028907190412510567)
  (0.29624482604407554, 0.06516996431062655)
Piece 25:
  (-0.27599246669108896, 0.17456725638807463)
  (-0.17365090496004004, 0.18349244476135007)
  (-0.1852155205577954, 0.24701217028752281)
  (-0.2571808789140643, 0.2727162469359598)
  (-0.26700421275146474, 0.3406359146331751)
  (-0.29838956822607177, 0.40120277363679635)
  (-0.31467428926871477, 0.38837593102310086)
  (-0.33037187907840687, 0.3745638879283582)
  (-0.34577881350236084, 0.36059985652994386)
  (-0.3607743152635732, 0.3461818791417308)
  (-0.31144475136100336, 0.2988475751002758)
  (-0.28330801174400716, 0.23447536033766306)
  (-0.3132890881726643, -0.0071888978243193485)
  (-0.27023487493797377, 0.07370527340225964)
  (-0.17078071922145682, 0.06902438431916666)
  (-0.09920864434549106, 0.13570045773810516)
  (-0.27599246669108896, 0.17456725638807463)
Piece 26:
  (0.06870333669758093, 0.3799052313209339)
  (0.026420840572532307, 0.31775666806909414)
  (0.06307422929883584, 0.26213377373114816)
  (0.12904625862445568, 0.21032036808379206)
  (0.06341759826601434, 0.16721766750790157)
  (-0.008184165970848723, 0.12251063188275021)
  (-0.04543190037731394, 0.19754172107396128)
  (0.028793987320630585, 0.22984287387073593)
  (-0.019591669014419243, 0.3237867895297212)
  (-0.024948194908691976, 0.3982807638973208)
  (0.018419352398949082, 0.45841157456096315)
  (0.08782978862536639, 0.4922254851488527)
  (0.10844402961819928, 0.48766261573393804)
  (0.1289166797309831, 0.48253448384012665)
  (0.14939010865036326, 0.4769502914489994)
  (0.16939892369900367, 0.4704295958479006)
  (0.12997311598911127, 0.3989047784262263)
  (0.06870333669758093, 0.3799052313209339)
Piece 27:
  (-0.39234319192002576, 0.059127684757609156)
  (-0.30699998488058644, 0.15301680272151935)
  (-0.3310553783658204, 0.23242844255647416)
  (-0.423974220901696, 0.26503935558856134)
  (-0.43483191220996326, 0.2459235199325377)
  (-0.4453879461130883, 0.22633759956807303)
  (-0.4548244120420111, 0.20638586867830566)
  (-0.46383423713081867, 0.1860470247834939)
  (-0.471787600457868, 0.1655791655197209)
  (-0.4780240896629114, 0.1463890436870447)
  (-0.48319985078935673, 0.12626038597133216)
  (-0.4881704229056501, 0.10641674974972137)
  (-0.4921769648443675, 0.08551622135314044)
  (-0.4951918404809368, 0.06519158074096347)
  (-0.49783478473052317, 0.04407396931896439)
  (-0.49883770274539585, 0.023659104136705973)
  (-0.4998406207602686, 0.003244238954447563)
  (-0.49970315442217567, -0.01722664971859843)
  (-0.4981615148931336, -0.0374232240718403)
  (-0.4962864570491626, -0.0578122752440906)
  (-0.49330433028700643, -0.0779161408780805)
  (-0.49023652462179235, -0.09816840933885018)
  (-0.48589837234286803, -0.117910015497207)
  (-0.4247324463938728, -0.01717395173490327)
  (-0.40283659434529984, 0.10018595081280696)
  (-0.39234319192002576, 0.059127684757609156)
Piece 28:
  (-0.4490403616868205, -0.219915332744603)
  (-0.4395919427948594, -0.23798188868614373)
  (-0.4291280703366047, -0.255439805182823)
  (-0.4186641978783501, -0.27289772167950227)
  (-0.4068946263640635, -0.28970471912001294)
  (-0.3952012067266791, -0.30629398655830103)
  (-0.3090303424035282, -0.1883238344050328)
  (-0.3132890881726643, -0.0071888978243193485)
  (-0.3582035852894116, -0.07445273036908301)
  (-0.39234319192002576, 0.059127684757609156)
  (-0.40283659434529984, 0.10018595081280696)
  (-0.4247324463938728, -0.01717395173490327)
  (-0.48589837234286803, -0.117910015497207)
  (-0.4800836263937133, -0.13870105111918415)
  (-0.47333565743439043, -0.15949233396227105)
  (-0.4660278703004407, -0.17991623078287544)
  (-0.4577705309147965, -0.2001568236775793)
  (-0.4490403616868205, -0.219915332744603)
Piece 29:
  (0.02994661064044951, -0.3394279803057145)
  (0.020126909026271473, -0.2202015701191914)
  (-0.00013459090551679823, -0.1215660075316188)
  (-0.00732863260478471, -0.21528795695800879)
  (-0.06955046490892669, -0.27200687170066745)
  (-0.06433373871809107, -0.4183288181881452)
  (0.05977905269678133, -0.49641360261245404)
  (0.0798887595680902, -0.49301171994558723)
  (0.10033196939716062, -0.48969458103959485)
  (0.12020314967563578, -0.48471710949622615)
  (0.14007432995411093, -0.4797396379528575)
  (0.15972705508856622, -0.47325167287248865)
  (0.1790769035926951, -0.4668312999356969)
  (0.1386027546138984, -0.3613202083181094)
  (0.02994661064044951, -0.3394279803057145)
Piece 30:
  (-0.1421234685797199, -0.30765402423604693)
  (-0.06955046490892669, -0.27200687170066745)
  (0.009039261923443898, -0.04222395467607723)
  (-0.1272493667829105, -0.15440262075248753)
  (-0.1879386693550515, -0.2143409148716039)
  (-0.2537370448383018, -0.31460196227680615)
  (-0.29492329927926236, -0.40375765942237507)
  (-0.2744694481941082, -0.41772214125943896)
  (-0.25326379658414133, -0.43043231969814805)
  (-0.23169715348671743, -0.4428530658950792)
  (-0.2096863467926892, -0.4539070785620512)
  (-0.1421234685797199, -0.30765402423604693)

Available Edges:
