Pieces:
Piece 1:
  (0.389994748431564, 0.028907190412510567)
  (0.4999347933892312, 0.008074797760114277)
  (0.48106082321422017, 0.13631025041594197)
  (0.36932298957905274, 0.13450549423435973)
  (0.27270245554228684, 0.19723350809357099)
  (0.389994748431564, 0.028907190412510567)
Piece 2:
  (0.10375838623605374, 0.3055257000194679)
  (0.24136893650121088, 0.4378824459741158)
  (0.16939892369900367, 0.4704295958479006)
  (0.12997311598911127, 0.3989047784262263)
  (0.06870333669758093, 0.3799052313209339)
  (0.026420840572532307, 0.31775666806909414)
  (0.06307422929883584, 0.26213377373114816)
  (0.12904625862445568, 0.21032036808379206)
  (0.10375838623605374, 0.3055257000194679)
Piece 3:
  (0.24264162693188057, 0.29148172151197144)
  (0.3603656213225444, 0.34660729791626793)
  (0.24136893650121088, 0.4378824459741158)
  (0.10375838623605374, 0.3055257000194679)
  (0.24264162693188057, 0.29148172151197144)
Piece 4:
  (0.1386027546138984, -0.3613202083181094)
  (0.1790769035926951, -0.4668312999356969)
  (0.2912439545268759, -0.4064196832727803)
  (0.2525061837448201, -0.30543511447584776)
  (0.11050626319496512, -0.2887627234153219)
  (0.1386027546138984, -0.3613202083181094)
Piece 5:
  (0.11050626319496512, -0.2887627234153219)
  (0.2525061837448201, -0.30543511447584776)
  (0.19651087601567255, -0.1983694592872979)
  (0.21754897279598712, -0.09695808320584715)
  (0.13945188511123718, -0.1620355520432405)
  (0.061055456594260996, -0.18091137715230346)
  (0.11050626319496512, -0.2887627234153219)
Piece 6:
  (0.3017380600937146, -0.2182053424000442)
  (0.320651278340766, -0.29838616653065275)
  (0.3573987095803703, -0.3496657867025113)
  (0.40862448178205085, -0.28814238301289585)
  (0.4044281700836452, -0.21456650416097853)
  (0.40380119194852043, -0.14430808538706652)
  (0.43167414285003386, -0.08179735823467438)
  (0.3681734930333882, -0.09030581996529795)
  (0.3017380600937146, -0.2182053424000442)
Piece 7:
  (0.2525061837448201, -0.30543511447584776)
  (0.2912439545268759, -0.4064196832727803)
  (0.3573987095803703, -0.3496657867025113)
  (0.320651278340766, -0.29838616653065275)
  (0.3017380600937146, -0.2182053424000442)
  (0.30326405298669207, -0.14160961124179677)
  (0.24339428136594982, -0.14784793301506785)
  (0.19651087601567255, -0.1983694592872979)
  (0.2525061837448201, -0.30543511447584776)
Piece 8:
  (0.30326405298669207, -0.14160961124179677)
  (0.3017380600937146, -0.2182053424000442)
  (0.3681734930333882, -0.09030581996529795)
  (0.2548842602451623, 0.01618932066591315)
  (0.16026781752671826, 0.07751949866775139)
  (0.16224838859155852, -0.0027188432182519984)
  (0.30326405298669207, -0.14160961124179677)
Piece 9:
  (-0.13031352130197615, 0.242217336711298)
  (-0.11115020391425408, 0.3110379512411472)
  (-0.1789740431381322, 0.3453806870158129)
  (-0.23004487684819427, 0.4439362055925368)
  (-0.29838956822607177, 0.40120277363679635)
  (-0.26700421275146474, 0.3406359146331751)
  (-0.2571808789140643, 0.2727162469359598)
  (-0.1852155205577954, 0.24701217028752281)
  (-0.17365090496004004, 0.18349244476135007)
  (-0.13031352130197615, 0.242217336711298)
Piece 10:
  (-0.019591669014419243, 0.3237867895297212)
  (-0.024948194908691976, 0.3982807638973208)
  (-0.1789740431381322, 0.3453806870158129)
  (-0.11115020391425408, 0.3110379512411472)
  (-0.13031352130197615, 0.242217336711298)
  (-0.04543190037731394, 0.19754172107396128)
  (0.028793987320630585, 0.22984287387073593)
  (-0.019591669014419243, 0.3237867895297212)
Piece 11:
  (0.43167414285003386, -0.08179735823467438)
  (0.40380119194852043, -0.14430808538706652)
  (0.4044281700836452, -0.21456650416097853)
  (0.40862448178205085, -0.28814238301289585)
  (0.4912582303697109, -0.09308786759841546)
  (0.4999347933892312, 0.008074797760114277)
  (0.389994748431564, 0.028907190412510567)
  (0.29624482604407554, 0.06516996431062655)
  (0.43167414285003386, -0.08179735823467438)
Piece 12:
  (-0.3310553783658204, 0.23242844255647416)
  (-0.423974220901696, 0.26503935558856134)
  (-0.3607743152635732, 0.3461818791417308)
  (-0.31144475136100336, 0.2988475751002758)
  (-0.28330801174400716, 0.23447536033766306)
  (-0.3132890881726643, -0.0071888978243193485)
  (-0.3582035852894116, -0.07445273036908301)
  (-0.39234319192002576, 0.059127684757609156)
  (-0.30699998488058644, 0.15301680272151935)
  (-0.3310553783658204, 0.23242844255647416)
Piece 13:
  (-0.20898093375397853, -0.13276472989933438)
  (-0.3090303424035282, -0.1883238344050328)
  (-0.3132890881726643, -0.0071888978243193485)
  (-0.1331036053912721, 0.036922741929059304)
  (-0.20898093375397853, -0.13276472989933438)
Piece 14:
  (-0.2537370448383018, -0.31460196227680615)
  (-0.29492329927926236, -0.40375765942237507)
  (-0.3952012067266791, -0.30629398655830103)
  (-0.3090303424035282, -0.1883238344050328)
  (-0.20898093375397853, -0.13276472989933438)
  (-0.2537370448383018, -0.31460196227680615)
Piece 15:
  (-0.00857542462584015, 0.4999264566838672)
  (-0.23004487684819427, 0.4439362055925368)
  (-0.1789740431381322, 0.3453806870158129)
  (-0.024948194908691976, 0.3982807638973208)
  (0.018419352398949082, 0.45841157456096315)
  (0.08782978862536639, 0.4922254851488527)
  (-0.00857542462584015, 0.4999264566838672)
Piece 16:
  (-0.004089543046514164, -0.49998327535795706)
  (-0.2096863467926892, -0.4539070785620512)
  (-0.1421234685797199, -0.30765402423604693)
  (-0.06955046490892669, -0.27200687170066745)
  (-0.06433373871809107, -0.4183288181881452)
  (0.05977905269678133, -0.49641360261245404)
  (-0.004089543046514164, -0.49998327535795706)
Piece 17:
  (0.16224838859155852, -0.0027188432182519984)
  (0.30326405298669207, -0.14160961124179677)
  (0.24339428136594982, -0.14784793301506785)
  (0.19651087601567255, -0.1983694592872979)
  (0.21754897279598712, -0.09695808320584715)
  (0.13945188511123718, -0.1620355520432405)
  (0.09834271106215964, 0.0059762071528979)
  (0.09928085315309174, 0.13110975347602888)
  (0.18620662132044824, 0.10258304863374548)
  (0.2548842602451623, 0.01618932066591315)
  (0.16026781752671826, 0.07751949866775139)
  (0.16224838859155852, -0.0027188432182519984)
Piece 18:
  (-0.008184165970848723, 0.12251063188275021)
  (-0.0010705788554425527, 0.10818116465929281)
  (-0.1331036053912721, 0.036922741929059304)
  (0.009039261923443898, -0.04222395467607723)
  (0.13945188511123718, -0.1620355520432405)
  (0.09834271106215964, 0.0059762071528979)
  (0.05319168857666706, 0.07045869005710881)
  (-0.008184165970848723, 0.12251063188275021)
Piece 19:
  (0.061055456594260996, -0.18091137715230346)
  (0.13945188511123718, -0.1620355520432405)
  (0.009039261923443898, -0.04222395467607723)
  (-0.06955046490892669, -0.27200687170066745)
  (-0.00732863260478471, -0.21528795695800879)
  (-0.00013459090551679823, -0.1215660075316188)
  (0.020126909026271473, -0.2202015701191914)
  (0.02994661064044951, -0.3394279803057145)
  (0.1386027546138984, -0.3613202083181094)
  (0.11050626319496512, -0.2887627234153219)
  (0.061055456594260996, -0.18091137715230346)
Piece 20:
  (-0.1272493667829105, -0.15440262075248753)
  (0.009039261923443898, -0.04222395467607723)
  (-0.1331036053912721, 0.036922741929059304)
  (-0.20898093375397853, -0.13276472989933438)
  (-0.2537370448383018, -0.31460196227680615)
  (-0.1879386693550515, -0.2143409148716039)
  (-0.1272493667829105, -0.15440262075248753)
Piece 21:
  (0.23827619054388127, 0.21139260783079897)
  (0.15984151057395424, 0.18019661388765362)
  (0.09928085315309174, 0.13110975347602888)
  (0.09834271106215964, 0.0059762071528979)
  (0.05319168857666706, 0.07045869005710881)
  (-0.008184165970848723, 0.12251063188275021)
  (0.06341759826601434, 0.16721766750790157)
  (0.12904625862445568, 0.21032036808379206)
  (0.10375838623605374, 0.3055257000194679)
  (0.24264162693188057, 0.29148172151197144)
  (0.3749894121458086, 0.2072814843380893)
  (0.2977706021320433, 0.22720962056331995)
  (0.23827619054388127, 0.21139260783079897)
Piece 22:
  (-0.09920864434549106, 0.13570045773810516)
  (-0.27599246669108896, 0.17456725638807463)
  (-0.17365090496004004, 0.18349244476135007)
  (-0.13031352130197615, 0.242217336711298)
  (-0.04543190037731394, 0.19754172107396128)
  (-0.008184165970848723, 0.12251063188275021)
  (-0.0010705788554425527, 0.10818116465929281)
  (-0.1331036053912721, 0.036922741929059304)
  (-0.3132890881726643, -0.0071888978243193485)
  (-0.27023487493797377, 0.07370527340225964)
  (-0.17078071922145682, 0.06902438431916666)
  (-0.09920864434549106, 0.13570045773810516)
Piece 23:
  (0.3749894121458086, 0.2072814843380893)
  (0.24264162693188057, 0.29148172151197144)
  (0.3603656213225444, 0.34660729791626793)
  (0.4528144962394071, 0.21203544985556536)
  (0.48106082321422017, 0.13631025041594197)
  (0.36932298957905274, 0.13450549423435973)
  (0.27270245554228684, 0.19723350809357099)
  (0.2172419658549668, 0.1485175355611667)
  (0.15984151057395424, 0.18019661388765362)
  (0.23827619054388127, 0.21139260783079897)
  (0.2977706021320433, 0.22720962056331995)
  (0.3749894121458086, 0.2072814843380893)
Piece 24:
  (0.29624482604407554, 0.06516996431062655)
  (0.43167414285003386, -0.08179735823467438)
  (0.3681734930333882, -0.09030581996529795)
  (0.2548842602451623, 0.01618932066591315)
  (0.18620662132044824, 0.10258304863374548)
  (0.09928085315309174, 0.13110975347602888)
  (0.15984151057395424, 0.18019661388765362)
  (0.2172419658549668, 0.1485175355611667)
  (0.27270245554228684, 0.19723350809357099)
  (0.389994748431564, 0.028907190412510567)
  (0.29624482604407554, 0.06516996431062655)
Piece 25:
  (-0.27599246669108896, 0.17456725638807463)
  (-0.17365090496004004, 0.18349244476135007)
  (-0.1852155205577954, 0.24701217028752281)
  (-0.2571808789140643, 0.2727162469359598)
  (-0.26700421275146474, 0.3406359146331751)
  (-0.29838956822607177, 0.40120277363679635)
  (-0.3607743152635732, 0.3461818791417308)
  (-0.31144475136100336, 0.2988475751002758)
  (-0.28330801174400716, 0.23447536033766306)
  (-0.3132890881726643, -0.0071888978243193485)
  (-0.27023487493797377, 0.07370527340225964)
  (-0.17078071922145682, 0.06902438431916666)
  (-0.09920864434549106, 0.13570045773810516)
  (-0.27599246669108896, 0.17456725638807463)
Piece 26:
  (0.06870333669758093, 0.3799052313209339)
  (0.026420840572532307, 0.31775666806909414)
  (0.06307422929883584, 0.26213377373114816)
  (0.12904625862445568, 0.21032036808379206)
  (0.06341759826601434, 0.16721766750790157)
  (-0.008184165970848723, 0.12251063188275021)
  (-0.04543190037731394, 0.19754172107396128)
  (0.028793987320630585, 0.22984287387073593)
  (-0.019591669014419243, 0.3237867895297212)
  (-0.024948194908691976, 0.3982807638973208)
  (0.018419352398949082, 0.45841157456096315)
  (0.08782978862536639, 0.4922254851488527)
  (0.16939892369900367, 0.4704295958479006)
  (0.12997311598911127, 0.3989047784262263)
  (0.06870333669758093, 0.3799052313209339)
Piece 27:
  (-0.39234319192002576, 0.059127684757609156)
  (-0.30699998488058644, 0.15301680272151935)
  (-0.3310553783658204, 0.23242844255647416)
  (-0.423974220901696, 0.26503935558856134)
  (-0.471787600457868, 0.1655791655197209)
  (-0.49970315442217567, -0.01722664971859843)
  (-0.48589837234286803, -0.117910015497207)
  (-0.4247324463938728, -0.01717395173490327)
  (-0.40283659434529984, 0.10018595081280696)
  (-0.39234319192002576, 0.059127684757609156)
Piece 28:
  (-0.4490403616868205, -0.219915332744603)
  (-0.3952012067266791, -0.30629398655830103)
  (-0.3090303424035282, -0.1883238344050328)
  (-0.3132890881726643, -0.0071888978243193485)
  (-0.3582035852894116, -0.07445273036908301)
  (-0.39234319192002576, 0.059127684757609156)
  (-0.40283659434529984, 0.10018595081280696)
  (-0.4247324463938728, -0.01717395173490327)
  (-0.48589837234286803, -0.117910015497207)
  (-0.4490403616868205, -0.219915332744603)
Piece 29:
  (0.02994661064044951, -0.3394279803057145)
  (0.020126909026271473, -0.2202015701191914)
  (-0.00013459090551679823, -0.1215660075316188)
  (-0.00732863260478471, -0.21528795695800879)
  (-0.06955046490892669, -0.27200687170066745)
  (-0.06433373871809107, -0.4183288181881452)
  (0.05977905269678133, -0.49641360261245404)
  (0.1790769035926951, -0.4668312999356969)
  (0.1386027546138984, -0.3613202083181094)
  (0.02994661064044951, -0.3394279803057145)
Piece 30:
  (-0.1421234685797199, -0.30765402423604693)
  (-0.06955046490892669, -0.27200687170066745)
  (0.009039261923443898, -0.04222395467607723)
  (-0.1272493667829105, -0.15440262075248753)
  (-0.1879386693550515, -0.2143409148716039)
  (-0.2537370448383018, -0.31460196227680615)
  (-0.29492329927926236, -0.40375765942237507)
  (-0.2096863467926892, -0.4539070785620512)
  (-0.1421234685797199, -0.30765402423604693)

Available Edges:
