Pieces:
Piece 1:
  (0.15409495930474915, -0.47566242600910547)
  (0.3215860792807492, -0.3828608018756108)
  (0.20412210264089983, -0.24301534467045224)
  (0.06646667939221032, -0.26902281457819777)
  (0.15409495930474915, -0.47566242600910547)
Piece 2:
  (0.06646667939221032, -0.26902281457819777)
  (0.15409495930474915, -0.47566242600910547)
  (0.08949132964887618, -0.49192611428717237)
  (0.06556499660529114, -0.41806998250737876)
  (0.005200731675170128, -0.4043872818187763)
  (-0.034075845879646384, -0.3534768298136003)
  (-0.018091731866199872, -0.2800634774229674)
  (0.033959302550303355, -0.24558458480618078)
  (0.06646667939221032, -0.26902281457819777)
Piece 3:
  (0.20412210264089983, -0.24301534467045224)
  (0.3215860792807492, -0.3828608018756108)
  (0.38987364945540953, -0.3130471808854385)
  (0.34514500944886817, -0.25979598600159615)
  (0.3568947560262027, -0.17069192897974553)
  (0.3999850695408174, -0.11368818044110066)
  (0.33051128384837647, -0.14491566306373566)
  (0.20412210264089983, -0.24301534467045224)
Piece 4:
  (0.3568947560262027, -0.17069192897974553)
  (0.34514500944886817, -0.25979598600159615)
  (0.38987364945540953, -0.3130471808854385)
  (0.45943717580418997, -0.19727514158927836)
  (0.4454372803501032, -0.09858093026736993)
  (0.3568947560262027, -0.17069192897974553)
Piece 5:
  (0.005200731675170128, -0.4043872818187763)
  (0.06556499660529114, -0.41806998250737876)
  (0.08949132964887618, -0.49192611428717237)
  (0.027545640856202522, -0.4992406610742169)
  (-0.021395481209048543, -0.4406448199949596)
  (-0.08365130430492712, -0.4421803387152131)
  (-0.164232127935582, -0.4385990923883464)
  (-0.1064917651559727, -0.37738441942695095)
  (0.005200731675170128, -0.4043872818187763)
Piece 6:
  (0.45943717580418997, -0.19727514158927836)
  (0.4454372803501032, -0.09858093026736993)
  (0.4881873731672738, -0.10804206902886)
  (0.45943717580418997, -0.19727514158927836)
Piece 7:
  (0.027545640856202522, -0.4992406610742169)
  (-0.021395481209048543, -0.4406448199949596)
  (-0.08365130430492712, -0.4421803387152131)
  (-0.164232127935582, -0.4385990923883464)
  (-0.17533469517558706, -0.4682496606167312)
  (0.027545640856202522, -0.4992406610742169)
Piece 8:
  (0.4454372803501032, -0.09858093026736993)
  (0.4881873731672738, -0.10804206902886)
  (0.49996095661403056, -0.006248348708534713)
  (0.37129945020322835, 0.02222607754875805)
  (0.2657474987557017, -0.010963712901885324)
  (0.4454372803501032, -0.09858093026736993)
Piece 9:
  (-0.164232127935582, -0.4385990923883464)
  (-0.17533469517558706, -0.4682496606167312)
  (-0.2629308106154034, -0.4252850677241406)
  (-0.2273244705846035, -0.3301946087677468)
  (-0.15543809054510488, -0.258944362807911)
  (-0.07762503120833229, -0.2817254822436687)
  (-0.1064917651559727, -0.37738441942695095)
  (-0.164232127935582, -0.4385990923883464)
Piece 10:
  (0.37129945020322835, 0.02222607754875805)
  (0.49996095661403056, -0.006248348708534713)
  (0.4900001054399849, 0.09949822445050814)
  (0.3916041153518876, 0.10072794539063067)
  (0.2944979629680294, 0.03779510921483431)
  (0.2154336710860681, 0.01649859434311148)
  (0.37129945020322835, 0.02222607754875805)
Piece 11:
  (0.3916041153518876, 0.10072794539063067)
  (0.4900001054399849, 0.09949822445050814)
  (0.458337168140648, 0.19981751750237356)
  (0.3167999899294432, 0.1710773238383237)
  (0.2853502845630509, 0.14981474100953582)
  (0.2001091784514382, 0.09218475503667913)
  (0.3916041153518876, 0.10072794539063067)
Piece 12:
  (-0.2273244705846035, -0.3301946087677468)
  (-0.2629308106154034, -0.4252850677241406)
  (-0.39004189521840743, -0.31283752967704)
  (-0.30084834503602653, -0.16856883426973132)
  (-0.2273244705846035, -0.3301946087677468)
Piece 13:
  (-0.30084834503602653, -0.16856883426973132)
  (-0.39004189521840743, -0.31283752967704)
  (-0.4380889290767219, -0.24099396303727388)
  (-0.37996556555122046, -0.1943754595258585)
  (-0.3356624727770864, -0.13875387859757293)
  (-0.27043952194198306, -0.1294673335844876)
  (-0.20994627731519075, -0.10383724410769131)
  (-0.1567610311045659, -0.15545217142582898)
  (-0.30084834503602653, -0.16856883426973132)
Piece 14:
  (0.3167999899294432, 0.1710773238383237)
  (0.458337168140648, 0.19981751750237356)
  (0.4281403573090953, 0.25825536672688953)
  (0.37097798946487576, 0.23333475537100576)
  (0.31590895491313087, 0.2828187163451606)
  (0.25561310309819363, 0.30474068557637496)
  (0.23193071375436528, 0.23598870217259432)
  (0.22636304459909934, 0.1706908754494726)
  (0.3167999899294432, 0.1710773238383237)
Piece 15:
  (-0.3356624727770864, -0.13875387859757293)
  (-0.37996556555122046, -0.1943754595258585)
  (-0.4380889290767219, -0.24099396303727388)
  (-0.47761053253012126, -0.14794654175172195)
  (-0.4052677256405479, -0.1255373456160609)
  (-0.3592666097109846, -0.07142299924024167)
  (-0.26273251722292823, -0.06308034457260338)
  (-0.3356624727770864, -0.13875387859757293)
Piece 16:
  (-0.3592666097109846, -0.07142299924024167)
  (-0.4052677256405479, -0.1255373456160609)
  (-0.47761053253012126, -0.14794654175172195)
  (-0.4955358909540706, -0.06666468912666948)
  (-0.4045330445093676, -0.054422031069757)
  (-0.44269415887680214, 0.02062243694090847)
  (-0.3851984054801157, 0.07691028190890303)
  (-0.3592666097109846, -0.07142299924024167)
Piece 17:
  (0.4281403573090953, 0.25825536672688953)
  (0.37097798946487576, 0.23333475537100576)
  (0.31590895491313087, 0.2828187163451606)
  (0.25561310309819363, 0.30474068557637496)
  (0.3213239458110602, 0.3830808293929766)
  (0.4281403573090953, 0.25825536672688953)
Piece 18:
  (-0.4955358909540706, -0.06666468912666948)
  (-0.4045330445093676, -0.054422031069757)
  (-0.44269415887680214, 0.02062243694090847)
  (-0.3851984054801157, 0.07691028190890303)
  (-0.49032198788279685, 0.09789968436446789)
  (-0.4955358909540706, -0.06666468912666948)
Piece 19:
  (-0.3851984054801157, 0.07691028190890303)
  (-0.49032198788279685, 0.09789968436446789)
  (-0.46642055768793805, 0.1801440072999179)
  (-0.39791727569510454, 0.16646636311759822)
  (-0.3531730364159171, 0.22677028993567597)
  (-0.346099249092904, 0.13549212294544255)
  (-0.25983190847665605, 0.09445705152703986)
  (-0.3851984054801157, 0.07691028190890303)
Piece 20:
  (0.25561310309819363, 0.30474068557637496)
  (0.3213239458110602, 0.3830808293929766)
  (0.2416956641069718, 0.43770218865330096)
  (0.18087383186633685, 0.36519069909987933)
  (0.08068640189019287, 0.3082592651995345)
  (0.08582301286968953, 0.21842790114933125)
  (0.25561310309819363, 0.30474068557637496)
Piece 21:
  (0.08068640189019287, 0.3082592651995345)
  (0.18087383186633685, 0.36519069909987933)
  (0.2416956641069718, 0.43770218865330096)
  (0.15758670899162322, 0.47451704832301805)
  (0.08831334126738728, 0.41511820377978587)
  (0.0013505340792115822, 0.4547629111924717)
  (-0.03477561441905637, 0.3722520913310991)
  (0.08068640189019287, 0.3082592651995345)
Piece 22:
  (-0.3531730364159171, 0.22677028993567597)
  (-0.39791727569510454, 0.16646636311759822)
  (-0.46642055768793805, 0.1801440072999179)
  (-0.4328554542507851, 0.2502721633049639)
  (-0.3516234951233159, 0.27833787264604176)
  (-0.26722118500129516, 0.23011551870876218)
  (-0.24531615367232718, 0.13893179098551756)
  (-0.3531730364159171, 0.22677028993567597)
Piece 23:
  (-0.3516234951233159, 0.27833787264604176)
  (-0.4328554542507851, 0.2502721633049639)
  (-0.30994891249300055, 0.3923412693617717)
  (-0.14354789498921358, 0.2961300694846607)
  (-0.3516234951233159, 0.27833787264604176)
Piece 24:
  (-0.14354789498921358, 0.2961300694846607)
  (-0.30994891249300055, 0.3923412693617717)
  (-0.24381850274565986, 0.4365232384637325)
  (-0.1938948826674419, 0.3733286419249716)
  (-0.09963622379322305, 0.34629032305015794)
  (-0.08988880619721656, 0.2745228280513817)
  (-0.057053201154015125, 0.21020602096905805)
  (-0.14354789498921358, 0.2961300694846607)
Piece 25:
  (-0.1938948826674419, 0.3733286419249716)
  (-0.24381850274565986, 0.4365232384637325)
  (-0.1168865824326791, 0.4861455819476389)
  (-0.03477561441905637, 0.3722520913310991)
  (-0.1938948826674419, 0.3733286419249716)
Piece 26:
  (0.15758670899162322, 0.47451704832301805)
  (0.08831334126738728, 0.41511820377978587)
  (0.0013505340792115822, 0.4547629111924717)
  (-0.03477561441905637, 0.3722520913310991)
  (-0.04650726522523212, 0.4978323756861037)
  (0.15758670899162322, 0.47451704832301805)
Piece 27:
  (-0.1168865824326791, 0.4861455819476389)
  (-0.03477561441905637, 0.3722520913310991)
  (-0.04650726522523212, 0.4978323756861037)
  (-0.1168865824326791, 0.4861455819476389)
Piece 28:
  (0.33051128384837647, -0.14491566306373566)
  (0.3999850695408174, -0.11368818044110066)
  (0.3568947560262027, -0.17069192897974553)
  (0.4454372803501032, -0.09858093026736993)
  (0.2657474987557017, -0.010963712901885324)
  (0.37129945020322835, 0.02222607754875805)
  (0.2154336710860681, 0.01649859434311148)
  (0.33051128384837647, -0.14491566306373566)
Piece 29:
  (-0.26722118500129516, 0.23011551870876218)
  (-0.3516234951233159, 0.27833787264604176)
  (-0.14354789498921358, 0.2961300694846607)
  (-0.0934604044366352, 0.1982526427207626)
  (-0.005774764552425482, 0.12655616846842999)
  (-0.12093163373953887, 0.13188319393270354)
  (-0.26722118500129516, 0.23011551870876218)
Piece 30:
  (-0.09963622379322305, 0.34629032305015794)
  (-0.1938948826674419, 0.3733286419249716)
  (-0.03477561441905637, 0.3722520913310991)
  (0.041606721426140275, 0.2772648386714651)
  (-0.0018733545757457573, 0.16051071257813532)
  (-0.09963622379322305, 0.34629032305015794)
Piece 31:
  (-0.25983190847665605, 0.09445705152703986)
  (-0.346099249092904, 0.13549212294544255)
  (-0.3531730364159171, 0.22677028993567597)
  (-0.24531615367232718, 0.13893179098551756)
  (-0.26722118500129516, 0.23011551870876218)
  (-0.12093163373953887, 0.13188319393270354)
  (-0.25983190847665605, 0.09445705152703986)
Piece 32:
  (0.033959302550303355, -0.24558458480618078)
  (-0.018091731866199872, -0.2800634774229674)
  (-0.034075845879646384, -0.3534768298136003)
  (0.005200731675170128, -0.4043872818187763)
  (-0.1064917651559727, -0.37738441942695095)
  (-0.07762503120833229, -0.2817254822436687)
  (-0.15543809054510488, -0.258944362807911)
  (0.033959302550303355, -0.24558458480618078)
Piece 33:
  (0.2154336710860681, 0.01649859434311148)
  (0.2944979629680294, 0.03779510921483431)
  (0.3916041153518876, 0.10072794539063067)
  (0.2001091784514382, 0.09218475503667913)
  (0.2154336710860681, 0.01649859434311148)
Piece 34:
  (-0.15543809054510488, -0.258944362807911)
  (-0.2273244705846035, -0.3301946087677468)
  (-0.30084834503602653, -0.16856883426973132)
  (-0.12786100133697606, -0.21002914192817895)
  (-0.15543809054510488, -0.258944362807911)
Piece 35:
  (0.22636304459909934, 0.1706908754494726)
  (0.23193071375436528, 0.23598870217259432)
  (0.25561310309819363, 0.30474068557637496)
  (0.08582301286968953, 0.21842790114933125)
  (0.12524815099318515, 0.15092125608998053)
  (0.2100520253323115, 0.1401190307596618)
  (0.2853502845630509, 0.14981474100953582)
  (0.22636304459909934, 0.1706908754494726)
Piece 36:
  (-0.3592666097109846, -0.07142299924024167)
  (-0.3851984054801157, 0.07691028190890303)
  (-0.25983190847665605, 0.09445705152703986)
  (-0.14496093359346143, 0.024557920110293785)
  (-0.3592666097109846, -0.07142299924024167)
Piece 37:
  (0.08582301286968953, 0.21842790114933125)
  (0.08068640189019287, 0.3082592651995345)
  (-0.03477561441905637, 0.3722520913310991)
  (0.041606721426140275, 0.2772648386714651)
  (-0.0018733545757457573, 0.16051071257813532)
  (0.07364242491533629, 0.10491205980813872)
  (0.08582301286968953, 0.21842790114933125)
Piece 38:
  (-0.26273251722292823, -0.06308034457260338)
  (-0.3592666097109846, -0.07142299924024167)
  (-0.14496093359346143, 0.024557920110293785)
  (-0.0659589548593999, 0.006308859986204063)
  (0.0196813824760924, -0.003880319440296747)
  (-0.07901935056669626, -0.055256793574781804)
  (-0.26273251722292823, -0.06308034457260338)
Piece 39:
  (-0.1567610311045659, -0.15545217142582898)
  (-0.20994627731519075, -0.10383724410769131)
  (-0.27043952194198306, -0.1294673335844876)
  (-0.3356624727770864, -0.13875387859757293)
  (-0.26273251722292823, -0.06308034457260338)
  (-0.07901935056669626, -0.055256793574781804)
  (0.0196813824760924, -0.003880319440296747)
  (-0.1567610311045659, -0.15545217142582898)
Piece 40:
  (0.20412210264089983, -0.24301534467045224)
  (0.33051128384837647, -0.14491566306373566)
  (0.2154336710860681, 0.01649859434311148)
  (0.13717098994635565, -0.026360224373425643)
  (0.14493187489204093, -0.1387383567937753)
  (0.07141609383700245, -0.22165362417022452)
  (0.20412210264089983, -0.24301534467045224)
Piece 41:
  (-0.005774764552425482, 0.12655616846842999)
  (-0.0934604044366352, 0.1982526427207626)
  (-0.14354789498921358, 0.2961300694846607)
  (-0.057053201154015125, 0.21020602096905805)
  (-0.08988880619721656, 0.2745228280513817)
  (-0.09963622379322305, 0.34629032305015794)
  (-0.0018733545757457573, 0.16051071257813532)
  (-0.005774764552425482, 0.12655616846842999)
Piece 42:
  (0.2853502845630509, 0.14981474100953582)
  (0.3167999899294432, 0.1710773238383237)
  (0.22636304459909934, 0.1706908754494726)
  (0.2853502845630509, 0.14981474100953582)
Piece 43:
  (0.0196813824760924, -0.003880319440296747)
  (-0.1567610311045659, -0.15545217142582898)
  (-0.30084834503602653, -0.16856883426973132)
  (-0.12786100133697606, -0.21002914192817895)
  (-0.074605688143924, -0.14981763807388554)
  (-0.021278890505687417, -0.11397005170007779)
  (0.04363917768225596, -0.06470284226607273)
  (0.10855979773804056, -0.11531140481551408)
  (0.0196813824760924, -0.003880319440296747)
Piece 44:
  (0.13717098994635565, -0.026360224373425643)
  (0.2154336710860681, 0.01649859434311148)
  (0.2001091784514382, 0.09218475503667913)
  (0.2853502845630509, 0.14981474100953582)
  (0.2100520253323115, 0.1401190307596618)
  (0.12524815099318515, 0.15092125608998053)
  (0.08582301286968953, 0.21842790114933125)
  (0.13717098994635565, -0.026360224373425643)
Piece 45:
  (-0.15543809054510488, -0.258944362807911)
  (0.033959302550303355, -0.24558458480618078)
  (0.06646667939221032, -0.26902281457819777)
  (0.20412210264089983, -0.24301534467045224)
  (0.07141609383700245, -0.22165362417022452)
  (0.14493187489204093, -0.1387383567937753)
  (-0.15543809054510488, -0.258944362807911)
Piece 46:
  (-0.021278890505687417, -0.11397005170007779)
  (-0.074605688143924, -0.14981763807388554)
  (-0.12786100133697606, -0.21002914192817895)
  (-0.15543809054510488, -0.258944362807911)
  (0.14493187489204093, -0.1387383567937753)
  (-0.021278890505687417, -0.11397005170007779)
Piece 47:
  (-0.12093163373953887, 0.13188319393270354)
  (-0.25983190847665605, 0.09445705152703986)
  (-0.14496093359346143, 0.024557920110293785)
  (-0.0010003076127841626, 0.06371492306132474)
  (-0.12093163373953887, 0.13188319393270354)
Piece 48:
  (0.07364242491533629, 0.10491205980813872)
  (0.08582301286968953, 0.21842790114933125)
  (0.13717098994635565, -0.026360224373425643)
  (0.14493187489204093, -0.1387383567937753)
  (-0.021278890505687417, -0.11397005170007779)
  (0.04363917768225596, -0.06470284226607273)
  (0.10855979773804056, -0.11531140481551408)
  (0.07364242491533629, 0.10491205980813872)
Piece 49:
  (-0.005774764552425482, 0.12655616846842999)
  (-0.12093163373953887, 0.13188319393270354)
  (-0.0010003076127841626, 0.06371492306132474)
  (-0.14496093359346143, 0.024557920110293785)
  (-0.0659589548593999, 0.006308859986204063)
  (0.0196813824760924, -0.003880319440296747)
  (0.10855979773804056, -0.11531140481551408)
  (-0.005774764552425482, 0.12655616846842999)
Piece 50:
  (0.10855979773804056, -0.11531140481551408)
  (0.07364242491533629, 0.10491205980813872)
  (-0.0018733545757457573, 0.16051071257813532)
  (-0.005774764552425482, 0.12655616846842999)
  (0.10855979773804056, -0.11531140481551408)

Available Edges:
