Pieces:
Piece 1:
  (-0.09963622379322305, 0.34629032305015794)
  (-0.1938948826674419, 0.3733286419249716)
  (-0.03477561441905637, 0.3722520913310991)
  (0.041606721426140275, 0.2772648386714651)
  (-0.0018733545757457573, 0.16051071257813532)
  (-0.09963622379322305, 0.34629032305015794)
Piece 2:
  (0.13717098994635565, -0.026360224373425643)
  (0.2154336710860681, 0.01649859434311148)
  (0.2001091784514382, 0.09218475503667913)
  (0.2853502845630509, 0.14981474100953582)
  (0.2100520253323115, 0.1401190307596618)
  (0.12524815099318515, 0.15092125608998053)
  (0.08582301286968953, 0.21842790114933125)
  (0.13717098994635565, -0.026360224373425643)
Piece 3:
  (0.4454372803501032, -0.09858093026736993)
  (0.4881873731672738, -0.10804206902886)
  (0.49182722777407845, -0.08787395716690335)
  (0.49483284015409473, -0.06761176435789754)
  (0.4976868388832864, -0.04708547622264333)
  (0.4986902611224513, -0.026660347319129637)
  (0.49996095661403056, -0.006248348708534713)
  (0.37129945020322835, 0.02222607754875805)
  (0.2657474987557017, -0.010963712901885324)
  (0.4454372803501032, -0.09858093026736993)
Piece 4:
  (0.22636304459909934, 0.1706908754494726)
  (0.3167999899294432, 0.1710773238383237)
  (0.2853502845630509, 0.14981474100953582)
  (0.2100520253323115, 0.1401190307596618)
  (0.12524815099318515, 0.15092125608998053)
  (0.08582301286968953, 0.21842790114933125)
  (0.25561310309819363, 0.30474068557637496)
  (0.23193071375436528, 0.23598870217259432)
  (0.22636304459909934, 0.1706908754494726)
Piece 5:
  (0.3916041153518876, 0.10072794539063067)
  (0.4900001054399849, 0.09949822445050814)
  (0.48480624063178146, 0.11984731823639751)
  (0.47970334993291514, 0.14021919985039083)
  (0.4730082027950072, 0.16040750837083045)
  (0.4659252986383144, 0.18020289937428155)
  (0.458337168140648, 0.19981751750237356)
  (0.3167999899294432, 0.1710773238383237)
  (0.2853502845630509, 0.14981474100953582)
  (0.2001091784514382, 0.09218475503667913)
  (0.3916041153518876, 0.10072794539063067)
Piece 6:
  (-0.0018733545757457573, 0.16051071257813532)
  (-0.09963622379322305, 0.34629032305015794)
  (-0.08988880619721656, 0.2745228280513817)
  (-0.057053201154015125, 0.21020602096905805)
  (-0.14354789498921358, 0.2961300694846607)
  (-0.0934604044366352, 0.1982526427207626)
  (-0.005774764552425482, 0.12655616846842999)
  (0.10855979773804056, -0.11531140481551408)
  (0.07364242491533629, 0.10491205980813872)
  (-0.0018733545757457573, 0.16051071257813532)
Piece 7:
  (0.0196813824760924, -0.003880319440296747)
  (-0.1567610311045659, -0.15545217142582898)
  (-0.30084834503602653, -0.16856883426973132)
  (-0.12786100133697606, -0.21002914192817895)
  (-0.074605688143924, -0.14981763807388554)
  (-0.021278890505687417, -0.11397005170007779)
  (0.04363917768225596, -0.06470284226607273)
  (0.10855979773804056, -0.11531140481551408)
  (0.0196813824760924, -0.003880319440296747)
Piece 8:
  (-0.2273244705846035, -0.3301946087677468)
  (-0.2629308106154034, -0.4252850677241406)
  (-0.28060840145743876, -0.4136409153275755)
  (-0.2975843433064078, -0.4010506987818053)
  (-0.3145602851553769, -0.38846048223603513)
  (-0.3309767382944559, -0.374015675490237)
  (-0.3466940021717274, -0.35977037787034505)
  (-0.3619495334249852, -0.3442896745265068)
  (-0.3761094141751348, -0.3286666536420553)
  (-0.39004189521840743, -0.31283752967704)
  (-0.30084834503602653, -0.16856883426973132)
  (-0.2273244705846035, -0.3301946087677468)
Piece 9:
  (0.027545640856202522, -0.4992406610742169)
  (0.00742923014877183, -0.4996350253265785)
  (-0.013340032857031057, -0.49934464620991287)
  (-0.033731102708708285, -0.49834289718467084)
  (-0.05506750576237912, -0.4966936051407974)
  (-0.0753685520360345, -0.493682229393733)
  (-0.09566959830968991, -0.4906708536466686)
  (-0.11649903316738133, -0.4856449423805732)
  (-0.13631972691653113, -0.4806801170544659)
  (-0.15618145913675777, -0.47452030738951534)
  (-0.17533469517558706, -0.4682496606167312)
  (-0.164232127935582, -0.4385990923883464)
  (-0.1064917651559727, -0.37738441942695095)
  (0.005200731675170128, -0.4043872818187763)
  (0.06556499660529114, -0.41806998250737876)
  (0.08949132964887618, -0.49192611428717237)
  (0.06888426895833259, -0.4946440819275421)
  (0.0482348755965703, -0.4976303725129183)
  (0.027545640856202522, -0.4992406610742169)
Piece 10:
  (-0.164232127935582, -0.4385990923883464)
  (-0.17533469517558706, -0.4682496606167312)
  (-0.19786934799357128, -0.4588524263390402)
  (-0.21991667077158455, -0.4484248192623336)
  (-0.24179803520593138, -0.43730463259534813)
  (-0.2629308106154034, -0.4252850677241406)
  (-0.2273244705846035, -0.3301946087677468)
  (-0.15543809054510488, -0.258944362807911)
  (-0.07762503120833229, -0.2817254822436687)
  (-0.1064917651559727, -0.37738441942695095)
  (-0.164232127935582, -0.4385990923883464)
Piece 11:
  (0.06646667939221032, -0.26902281457819777)
  (0.15409495930474915, -0.47566242600910547)
  (0.13268725008309876, -0.4815900051344377)
  (0.11114631775201389, -0.4869857277937378)
  (0.08949132964887618, -0.49192611428717237)
  (0.06556499660529114, -0.41806998250737876)
  (0.005200731675170128, -0.4043872818187763)
  (-0.034075845879646384, -0.3534768298136003)
  (-0.018091731866199872, -0.2800634774229674)
  (0.033959302550303355, -0.24558458480618078)
  (0.06646667939221032, -0.26902281457819777)
Piece 12:
  (0.25561310309819363, 0.30474068557637496)
  (0.3213239458110602, 0.3830808293929766)
  (0.30212124570389354, 0.3976859026403271)
  (0.2827446790004421, 0.4120565439208184)
  (0.2622144808945331, 0.42506748598183053)
  (0.2416956641069718, 0.43770218865330096)
  (0.18087383186633685, 0.36519069909987933)
  (0.08068640189019287, 0.3082592651995345)
  (0.08582301286968953, 0.21842790114933125)
  (0.25561310309819363, 0.30474068557637496)
Piece 13:
  (0.20412210264089983, -0.24301534467045224)
  (0.3215860792807492, -0.3828608018756108)
  (0.33947721515512314, -0.36631129235225846)
  (0.3573211799005064, -0.349396275708356)
  (0.3737051382941547, -0.3313193632914737)
  (0.38987364945540953, -0.3130471808854385)
  (0.34514500944886817, -0.25979598600159615)
  (0.3568947560262027, -0.17069192897974553)
  (0.3999850695408174, -0.11368818044110066)
  (0.33051128384837647, -0.14491566306373566)
  (0.20412210264089983, -0.24301534467045224)
Piece 14:
  (0.2154336710860681, 0.01649859434311148)
  (0.2001091784514382, 0.09218475503667913)
  (0.3916041153518876, 0.10072794539063067)
  (0.4900001054399849, 0.09949822445050814)
  (0.4932132688753283, 0.07853002705087844)
  (0.4963258209520897, 0.05754690536601588)
  (0.4982235404494726, 0.03616066486786049)
  (0.4992648345416406, 0.014964636686643003)
  (0.49996095661403056, -0.006248348708534713)
  (0.37129945020322835, 0.02222607754875805)
  (0.2154336710860681, 0.01649859434311148)
Piece 15:
  (-0.15543809054510488, -0.258944362807911)
  (-0.07762503120833229, -0.2817254822436687)
  (-0.1064917651559727, -0.37738441942695095)
  (0.005200731675170128, -0.4043872818187763)
  (-0.034075845879646384, -0.3534768298136003)
  (-0.018091731866199872, -0.2800634774229674)
  (0.033959302550303355, -0.24558458480618078)
  (0.06646667939221032, -0.26902281457819777)
  (0.20412210264089983, -0.24301534467045224)
  (0.07141609383700245, -0.22165362417022452)
  (0.14493187489204093, -0.1387383567937753)
  (-0.15543809054510488, -0.258944362807911)
Piece 16:
  (-0.4955358909540706, -0.06666468912666948)
  (-0.4977286748853951, -0.04623388483616027)
  (-0.4987352388179785, -0.02574480529397937)
  (-0.4997418027505619, -0.0052557257517984735)
  (-0.49921758422743706, 0.015926438927684645)
  (-0.49820788199880456, 0.03647939995349078)
  (-0.49633904084028374, 0.05745778411895124)
  (-0.49333935178014426, 0.07768004514892549)
  (-0.49032198788279685, 0.09789968436446789)
  (-0.3851984054801157, 0.07691028190890303)
  (-0.3592666097109846, -0.07142299924024167)
  (-0.4052677256405479, -0.1255373456160609)
  (-0.47761053253012126, -0.14794654175172195)
  (-0.4828125449068441, -0.12780659772709302)
  (-0.48786662037552214, -0.10762959743606784)
  (-0.4919395953997758, -0.08711643616635537)
  (-0.4955358909540706, -0.06666468912666948)
Piece 17:
  (-0.24381850274565986, 0.4365232384637325)
  (-0.26634056845509624, 0.42259440427167705)
  (-0.2884606920869704, 0.4078172596926966)
  (-0.30994891249300055, 0.3923412693617717)
  (-0.14354789498921358, 0.2961300694846607)
  (-0.057053201154015125, 0.21020602096905805)
  (-0.08988880619721656, 0.2745228280513817)
  (-0.09963622379322305, 0.34629032305015794)
  (-0.1938948826674419, 0.3733286419249716)
  (-0.03477561441905637, 0.3722520913310991)
  (-0.1168865824326791, 0.4861455819476389)
  (-0.13860134273606264, 0.480108602043507)
  (-0.16041413134217147, 0.47300583305796934)
  (-0.18179177326141924, 0.4653567904710493)
  (-0.20307997939500833, 0.45638798122600727)
  (-0.22356458508992053, 0.44669948428429107)
  (-0.24381850274565986, 0.4365232384637325)
Piece 18:
  (-0.12093163373953887, 0.13188319393270354)
  (-0.005774764552425482, 0.12655616846842999)
  (0.10855979773804056, -0.11531140481551408)
  (0.0196813824760924, -0.003880319440296747)
  (-0.0659589548593999, 0.006308859986204063)
  (-0.14496093359346143, 0.024557920110293785)
  (-0.25983190847665605, 0.09445705152703986)
  (-0.12093163373953887, 0.13188319393270354)
Piece 19:
  (-0.12786100133697606, -0.21002914192817895)
  (-0.30084834503602653, -0.16856883426973132)
  (-0.2273244705846035, -0.3301946087677468)
  (-0.15543809054510488, -0.258944362807911)
  (0.14493187489204093, -0.1387383567937753)
  (-0.021278890505687417, -0.11397005170007779)
  (-0.074605688143924, -0.14981763807388554)
  (-0.12786100133697606, -0.21002914192817895)
Piece 20:
  (-0.26722118500129516, 0.23011551870876218)
  (-0.3516234951233159, 0.27833787264604176)
  (-0.4328554542507851, 0.2502721633049639)
  (-0.44492636801848345, 0.2273135244532508)
  (-0.45600660550203653, 0.20388633061482606)
  (-0.46642055768793805, 0.1801440072999179)
  (-0.39791727569510454, 0.16646636311759822)
  (-0.3531730364159171, 0.22677028993567597)
  (-0.346099249092904, 0.13549212294544255)
  (-0.25983190847665605, 0.09445705152703986)
  (-0.12093163373953887, 0.13188319393270354)
  (-0.26722118500129516, 0.23011551870876218)
Piece 21:
  (0.07364242491533629, 0.10491205980813872)
  (-0.0018733545757457573, 0.16051071257813532)
  (0.041606721426140275, 0.2772648386714651)
  (-0.03477561441905637, 0.3722520913310991)
  (0.08068640189019287, 0.3082592651995345)
  (0.08582301286968953, 0.21842790114933125)
  (0.13717098994635565, -0.026360224373425643)
  (0.14493187489204093, -0.1387383567937753)
  (-0.021278890505687417, -0.11397005170007779)
  (0.04363917768225596, -0.06470284226607273)
  (0.10855979773804056, -0.11531140481551408)
  (0.07364242491533629, 0.10491205980813872)
Piece 22:
  (-0.3356624727770864, -0.13875387859757293)
  (-0.26273251722292823, -0.06308034457260338)
  (-0.3592666097109846, -0.07142299924024167)
  (-0.4052677256405479, -0.1255373456160609)
  (-0.47761053253012126, -0.14794654175172195)
  (-0.4706831549314501, -0.16690558183655174)
  (-0.46388318992919364, -0.18591021087734627)
  (-0.45566409879542297, -0.20461050020222943)
  (-0.44702649949988676, -0.222873169508328)
  (-0.4380889290767219, -0.24099396303727388)
  (-0.42677171410563125, -0.25937114804665096)
  (-0.41555837658208056, -0.27802300424558035)
  (-0.40270216121680846, -0.2953576039838194)
  (-0.39004189521840743, -0.31283752967704)
  (-0.30084834503602653, -0.16856883426973132)
  (-0.1567610311045659, -0.15545217142582898)
  (-0.20994627731519075, -0.10383724410769131)
  (-0.27043952194198306, -0.1294673335844876)
  (-0.3356624727770864, -0.13875387859757293)
Piece 23:
  (0.4281403573090953, 0.25825536672688953)
  (0.41721610602751347, 0.27531371697304996)
  (0.40507394316613277, 0.29215962622833025)
  (0.39287020790910393, 0.30861445838394835)
  (0.379468300714495, 0.32496069343809153)
  (0.3656826153240067, 0.3401708533654483)
  (0.3513553517203821, 0.3555455769031131)
  (0.336260936430481, 0.36922635746911436)
  (0.3213239458110602, 0.3830808293929766)
  (0.25561310309819363, 0.30474068557637496)
  (0.23193071375436528, 0.23598870217259432)
  (0.22636304459909934, 0.1706908754494726)
  (0.3167999899294432, 0.1710773238383237)
  (0.458337168140648, 0.19981751750237356)
  (0.4486363868526589, 0.21946934868522702)
  (0.43887541680964576, 0.2391773400706541)
  (0.4281403573090953, 0.25825536672688953)
Piece 24:
  (0.3568947560262027, -0.17069192897974553)
  (0.3999850695408174, -0.11368818044110066)
  (0.33051128384837647, -0.14491566306373566)
  (0.2154336710860681, 0.01649859434311148)
  (0.37129945020322835, 0.02222607754875805)
  (0.2657474987557017, -0.010963712901885324)
  (0.4454372803501032, -0.09858093026736993)
  (0.4881873731672738, -0.10804206902886)
  (0.4821059677640993, -0.13062741180142717)
  (0.4755573867602862, -0.15328301646524092)
  (0.4676655297324368, -0.17533927928534307)
  (0.45943717580418997, -0.19727514158927836)
  (0.44961182696967833, -0.21740695383736303)
  (0.4396415881423523, -0.23789906042782566)
  (0.42806881061750957, -0.257207073256668)
  (0.4164960330926668, -0.2765150860855103)
  (0.4030323669302017, -0.29491237311996704)
  (0.38987364945540953, -0.3130471808854385)
  (0.34514500944886817, -0.25979598600159615)
  (0.3568947560262027, -0.17069192897974553)
Piece 25:
  (-0.26273251722292823, -0.06308034457260338)
  (-0.3356624727770864, -0.13875387859757293)
  (-0.27043952194198306, -0.1294673335844876)
  (-0.20994627731519075, -0.10383724410769131)
  (-0.1567610311045659, -0.15545217142582898)
  (0.0196813824760924, -0.003880319440296747)
  (-0.0659589548593999, 0.006308859986204063)
  (-0.14496093359346143, 0.024557920110293785)
  (-0.3592666097109846, -0.07142299924024167)
  (-0.26273251722292823, -0.06308034457260338)
Piece 26:
  (0.15409495930474915, -0.47566242600910547)
  (0.17373816958769966, -0.4682384159427058)
  (0.19398691039156157, -0.4606886825693868)
  (0.21318040967989785, -0.4516108334799086)
  (0.23237390896823412, -0.44253298439043043)
  (0.2515523077140407, -0.43145814664913973)
  (0.2697906195512302, -0.42052652322463036)
  (0.2878925531839571, -0.4082386202204748)
  (0.30483237779706945, -0.39567519004240753)
  (0.3215860792807492, -0.3828608018756108)
  (0.20412210264089983, -0.24301534467045224)
  (0.06646667939221032, -0.26902281457819777)
  (0.15409495930474915, -0.47566242600910547)
Piece 27:
  (0.20412210264089983, -0.24301534467045224)
  (0.33051128384837647, -0.14491566306373566)
  (0.2154336710860681, 0.01649859434311148)
  (0.13717098994635565, -0.026360224373425643)
  (0.14493187489204093, -0.1387383567937753)
  (0.07141609383700245, -0.22165362417022452)
  (0.20412210264089983, -0.24301534467045224)
Piece 28:
  (-0.25983190847665605, 0.09445705152703986)
  (-0.346099249092904, 0.13549212294544255)
  (-0.3531730364159171, 0.22677028993567597)
  (-0.39791727569510454, 0.16646636311759822)
  (-0.46642055768793805, 0.1801440072999179)
  (-0.4732002659369624, 0.1598707278485695)
  (-0.4799069193287307, 0.13940650526676823)
  (-0.4851059138427194, 0.11865095571633233)
  (-0.49032198788279685, 0.09789968436446789)
  (-0.3851984054801157, 0.07691028190890303)
  (-0.3592666097109846, -0.07142299924024167)
  (-0.14496093359346143, 0.024557920110293785)
  (-0.25983190847665605, 0.09445705152703986)
Piece 29:
  (-0.14354789498921358, 0.2961300694846607)
  (-0.30994891249300055, 0.3923412693617717)
  (-0.3256657447083607, 0.3788292794916732)
  (-0.341017883263271, 0.3649149121740406)
  (-0.35662835881683513, 0.3501606859777906)
  (-0.37064194762164615, 0.3346990733818395)
  (-0.38465553642645717, 0.3192374607858885)
  (-0.3977776076357391, 0.3019975958314935)
  (-0.41017651396898025, 0.28527960594317586)
  (-0.42182180813392556, 0.26762956723755776)
  (-0.4328554542507851, 0.2502721633049639)
  (-0.3516234951233159, 0.27833787264604176)
  (-0.26722118500129516, 0.23011551870876218)
  (-0.12093163373953887, 0.13188319393270354)
  (-0.005774764552425482, 0.12655616846842999)
  (-0.0934604044366352, 0.1982526427207626)
  (-0.14354789498921358, 0.2961300694846607)
Piece 30:
  (0.15758670899162322, 0.47451704832301805)
  (0.13802976709671344, 0.48025177428792704)
  (0.11827578913466077, 0.48519988817932763)
  (0.09852181117260808, 0.4901480020707283)
  (0.07736468253412321, 0.4933861314050436)
  (0.05705629189894675, 0.496398596585227)
  (0.03560903591539564, 0.4982506402421488)
  (0.01513451182153185, 0.49925648911140935)
  (-0.006009536951684345, 0.49970477038099054)
  (-0.026255530874150414, 0.49871014847912803)
  (-0.04650726522523212, 0.4978323756861037)
  (-0.07004638557909287, 0.4944716982109669)
  (-0.09356648921126864, 0.49098282041168384)
  (-0.1168865824326791, 0.4861455819476389)
  (-0.03477561441905637, 0.3722520913310991)
  (0.08068640189019287, 0.3082592651995345)
  (0.18087383186633685, 0.36519069909987933)
  (0.2416956641069718, 0.43770218865330096)
  (0.22111807092456004, 0.44785659930822574)
  (0.20037739808176996, 0.4576662069911511)
  (0.1789883987894417, 0.4663598538961099)
  (0.15758670899162322, 0.47451704832301805)

Available Edges:
