Pieces:
Piece 1:
  (-0.40225697986263986, 0.17409913981324143)
  (-0.4588660858969421, 0.19859988724473168)
  (-0.4499329081124923, 0.21672808479852415)
  (-0.4412932501117616, 0.234995106871043)
  (-0.4306357310682692, 0.2529244252158246)
  (-0.4201636272523353, 0.2703960749031167)
  (-0.4083571899334845, 0.2877326804330966)
  (-0.3962430196896196, 0.3040667481483538)
  (-0.3836329184184244, 0.3203657458878759)
  (-0.3705764021540813, 0.33566818462067066)
  (-0.22789746655710802, 0.2739159187796051)
  (-0.40225697986263986, 0.17409913981324143)
Piece 2:
  (-0.07419720795808397, 0.3681077682069305)
  (-0.18164674224746868, 0.3575884215577509)
  (-0.25902334862491694, 0.42767616822443444)
  (-0.2402775321751588, 0.4382159870395867)
  (-0.22090209379996475, 0.4479587488805576)
  (-0.2014061513654275, 0.4571796429248986)
  (-0.1816443034759375, 0.4658383271208387)
  (-0.0829479021771642, 0.4498075885225495)
  (0.014817345398913676, 0.3844742419063493)
  (-0.07419720795808397, 0.3681077682069305)
Piece 3:
  (-0.09269765742676188, 0.49133201026148365)
  (-0.07178563631597927, 0.49421370473533405)
  (-0.050905591634148484, 0.49731096678305825)
  (-0.02869802751078024, 0.4985901563137979)
  (-0.00729760970391663, 0.4996414914243995)
  (0.015508588451346849, 0.4992381119050142)
  (0.03702024001457539, 0.4981813122303743)
  (0.059728195251836536, 0.4960022571627691)
  (0.08093766655188554, 0.4928561292923101)
  (0.10286215703495608, 0.4890608020294898)
  (0.12336764667033052, 0.4839244442634905)
  (0.14388833722363076, 0.4788487719635697)
  (0.12863828561594814, 0.4280978311602827)
  (0.014817345398913676, 0.3844742419063493)
  (-0.0829479021771642, 0.4498075885225495)
  (-0.1816443034759375, 0.4658383271208387)
  (-0.15977375439123895, 0.47323496359481093)
  (-0.1376144988919349, 0.4803557935582061)
  (-0.11518847093761163, 0.4859732211296498)
  (-0.09269765742676188, 0.49133201026148365)
Piece 4:
  (0.05467592833929193, -0.007509926489956978)
  (-0.03054078600886257, -0.06172467652897316)
  (-0.03458077940854242, -0.2189512623969946)
  (-0.11859580513567408, -0.18126002555296053)
  (-0.20210120334123483, -0.18412716842484514)
  (-0.12483445777051665, -0.13289207452201585)
  (-0.10973855699959849, -0.030147998706667983)
  (0.05467592833929193, -0.007509926489956978)
Piece 5:
  (-0.22789746655710802, 0.2739159187796051)
  (-0.3705764021540813, 0.33566818462067066)
  (-0.3564027446657317, 0.35040961283365274)
  (-0.3412198396180467, 0.3647318696036242)
  (-0.3259304035576542, 0.3785894066928602)
  (-0.30967780869609646, 0.3920815735692208)
  (-0.29310771252542095, 0.40437079444598245)
  (-0.2762366293606721, 0.4166629336305634)
  (-0.25902334862491694, 0.42767616822443444)
  (-0.18164674224746868, 0.3575884215577509)
  (-0.07419720795808397, 0.3681077682069305)
  (-0.22789746655710802, 0.2739159187796051)
Piece 6:
  (0.12863828561594814, 0.4280978311602827)
  (0.14388833722363076, 0.4788487719635697)
  (0.16563730734234208, 0.47113695080167556)
  (0.18736404680440494, 0.4633629991166394)
  (0.20870077500971068, 0.4537295428877687)
  (0.22959184829368579, 0.44384880109388425)
  (0.2500244062234923, 0.43299861003540197)
  (0.21142188446416454, 0.30453253352204224)
  (0.19820150554310148, 0.2872358523703007)
  (0.1355461697455129, 0.20526169926795934)
  (0.12863828561594814, 0.4280978311602827)
Piece 7:
  (0.010334857779427227, -0.3067097743900926)
  (0.043801785292497106, -0.3870564474046238)
  (0.19297266731256263, -0.2617615591019039)
  (0.027936129183358305, -0.176781238641544)
  (0.010334857779427227, -0.3067097743900926)
Piece 8:
  (-0.1536849492543143, 0.2115784987346202)
  (-0.22789746655710802, 0.2739159187796051)
  (-0.07419720795808397, 0.3681077682069305)
  (-0.09417761830182396, 0.24284394708399612)
  (-0.04463354065561105, 0.18212076176942052)
  (-0.016353458755601447, 0.07617834601750276)
  (-0.1536849492543143, 0.2115784987346202)
Piece 9:
  (0.2666718441265406, -0.22429905948672363)
  (0.32114887999578007, -0.3832276045347674)
  (0.33686281485581077, -0.368680846662223)
  (0.35272825539365615, -0.3543012495455053)
  (0.36730364757234363, -0.3383823198942276)
  (0.3819035032067328, -0.32272234852644627)
  (0.35496118886233524, -0.2563668383683233)
  (0.37396314972684025, -0.19418085955057848)
  (0.4336902400987349, -0.15452085531308069)
  (0.41012363837532306, -0.08779388614711496)
  (0.3503552222591051, -0.1347862671584708)
  (0.2666718441265406, -0.22429905948672363)
Piece 10:
  (0.15669762357991252, -0.3717341301691965)
  (0.1621282053051151, -0.47298461396174657)
  (0.18076742874611115, -0.4657233067992237)
  (0.19978691174680513, -0.45794548622823467)
  (0.21808054670831775, -0.44929324126842524)
  (0.2370385191003546, -0.4401573767645185)
  (0.2544352478262258, -0.4297301788447096)
  (0.271831976552097, -0.41930298092490065)
  (0.2889730822160854, -0.4074372452735341)
  (0.3051438623636078, -0.3954441773434791)
  (0.32114887999578007, -0.3832276045347674)
  (0.2666718441265406, -0.22429905948672363)
  (0.15669762357991252, -0.3717341301691965)
Piece 11:
  (-0.47778739688561106, -0.14737436472219842)
  (-0.4700499999600742, -0.1686751314375189)
  (-0.4624153141740662, -0.19001264878620552)
  (-0.45263775752833946, -0.21100916120479615)
  (-0.44290688420691626, -0.2315833642267548)
  (-0.4314520748605184, -0.251562437881353)
  (-0.4200944047524558, -0.2711469916773554)
  (-0.3099986837439267, -0.20008647953936898)
  (-0.3029356719190605, -0.044137099807785796)
  (-0.47778739688561106, -0.14737436472219842)
Piece 12:
  (0.19297266731256263, -0.2617615591019039)
  (0.2666718441265406, -0.22429905948672363)
  (0.15669762357991252, -0.3717341301691965)
  (0.1621282053051151, -0.47298461396174657)
  (0.14015888221471526, -0.47971845871412144)
  (0.1178994578498527, -0.4852941542588841)
  (0.09513838014794695, -0.4907496524172891)
  (0.07242971191658182, -0.49411816514506934)
  (0.04972104368521667, -0.49748667787284956)
  (0.02677906903230127, -0.4992823664638711)
  (0.043801785292497106, -0.3870564474046238)
  (0.19297266731256263, -0.2617615591019039)
Piece 13:
  (-0.03458077940854242, -0.2189512623969946)
  (-0.0946366700566994, -0.26754171830220597)
  (0.010334857779427227, -0.3067097743900926)
  (0.027936129183358305, -0.176781238641544)
  (0.0904993830302051, -0.10203637536943104)
  (0.05467592833929193, -0.007509926489956978)
  (-0.03054078600886257, -0.06172467652897316)
  (-0.03458077940854242, -0.2189512623969946)
Piece 14:
  (0.17036933715526537, -0.07016842061527623)
  (0.2708041327793228, -0.030095134512235874)
  (0.25259400146144595, -0.09091526513077908)
  (0.1934179593712937, -0.11885432249294628)
  (0.19615860682176867, -0.20249728337282197)
  (0.19297266731256263, -0.2617615591019039)
  (0.027936129183358305, -0.176781238641544)
  (0.0904993830302051, -0.10203637536943104)
  (0.17036933715526537, -0.07016842061527623)
Piece 15:
  (-0.17910782335559136, -0.28797017976616046)
  (-0.18296854375598534, -0.36962276962291163)
  (-0.012509093093903662, -0.3681380073438106)
  (-0.0946366700566994, -0.26754171830220597)
  (-0.03458077940854242, -0.2189512623969946)
  (-0.11859580513567408, -0.18126002555296053)
  (-0.20210120334123483, -0.18412716842484514)
  (-0.17910782335559136, -0.28797017976616046)
Piece 16:
  (-0.3029356719190605, -0.044137099807785796)
  (-0.47778739688561106, -0.14737436472219842)
  (-0.48320731726499766, -0.12623057812969748)
  (-0.48851086193978804, -0.10505764094071215)
  (-0.49248250863421356, -0.08345641243612324)
  (-0.4961452148305572, -0.06196713484372384)
  (-0.4184377063719838, -0.037998116891647366)
  (-0.4044274273229589, 0.029640944553208953)
  (-0.33761762306274384, 0.0468720225077305)
  (-0.2581312877846622, 0.040252401931669464)
  (-0.2042410515058039, 0.013192536399732568)
  (-0.3029356719190605, -0.044137099807785796)
Piece 17:
  (0.2666718441265406, -0.22429905948672363)
  (0.3503552222591051, -0.1347862671584708)
  (0.41012363837532306, -0.08779388614711496)
  (0.2708041327793228, -0.030095134512235874)
  (0.25259400146144595, -0.09091526513077908)
  (0.1934179593712937, -0.11885432249294628)
  (0.19615860682176867, -0.20249728337282197)
  (0.19297266731256263, -0.2617615591019039)
  (0.2666718441265406, -0.22429905948672363)
Piece 18:
  (-0.49999504983143667, -0.0022248919207877448)
  (-0.49911491096539395, 0.018016401189154225)
  (-0.4981207950771863, 0.03825209496705112)
  (-0.496070133938563, 0.05927060719838941)
  (-0.4930667661593898, 0.07951766813764208)
  (-0.4895940486794547, 0.10073331707635046)
  (-0.484617818597831, 0.12059954116172086)
  (-0.47964158851620725, 0.14046576524709126)
  (-0.47296242571883795, 0.1605354467279957)
  (-0.4661255389151678, 0.17964326529096478)
  (-0.4588660858969421, 0.19859988724473168)
  (-0.40225697986263986, 0.17409913981324143)
  (-0.31879288690791463, 0.14734311231253813)
  (-0.4044274273229589, 0.029640944553208953)
  (-0.4184377063719838, -0.037998116891647366)
  (-0.4961452148305572, -0.06196713484372384)
  (-0.4984223738559896, -0.03211331789873667)
  (-0.49999504983143667, -0.0022248919207877448)
Piece 19:
  (0.19320610005274186, 0.2051090741536699)
  (0.1355461697455129, 0.20526169926795934)
  (0.19820150554310148, 0.2872358523703007)
  (0.3977010027300458, 0.18587050557265944)
  (0.46570438687029353, 0.18198742827394415)
  (0.4724590293867555, 0.16194234522652456)
  (0.47931657490749846, 0.14176329230582754)
  (0.48445878400497366, 0.12123444284576797)
  (0.48974592417239415, 0.10074189672885622)
  (0.3698194046555858, 0.09864709221794282)
  (0.2992468294851866, 0.13758731011813008)
  (0.19320610005274186, 0.2051090741536699)
Piece 20:
  (0.3718193225981797, 0.33429087834194754)
  (0.35595176216665403, 0.35090719534341624)
  (0.3389195905487272, 0.3668166938356408)
  (0.3217961744226197, 0.38233645356547513)
  (0.303428692067933, 0.3967162343302159)
  (0.28514418054233964, 0.41072228610441575)
  (0.2675792206459677, 0.4218519847196141)
  (0.2500244062234923, 0.43299861003540197)
  (0.21142188446416454, 0.30453253352204224)
  (0.19820150554310148, 0.2872358523703007)
  (0.3977010027300458, 0.18587050557265944)
  (0.46570438687029353, 0.18198742827394415)
  (0.45673985965132163, 0.20233599497322718)
  (0.4472362865887973, 0.22242961197591934)
  (0.436694681545437, 0.24281567705304796)
  (0.4251979563838038, 0.26199680417952864)
  (0.4129354233851106, 0.2815596472240753)
  (0.3996618619268532, 0.29945697302660845)
  (0.3861418475103461, 0.3175975692137689)
  (0.3718193225981797, 0.33429087834194754)
Piece 21:
  (0.06822848601181061, 0.06738790357928061)
  (0.18710320663913355, 0.05319342689505817)
  (0.17778504801735065, -0.029473813140106567)
  (0.0904993830302051, -0.10203637536943104)
  (0.05467592833929193, -0.007509926489956978)
  (-0.10973855699959849, -0.030147998706667983)
  (-0.016353458755601447, 0.07617834601750276)
  (-0.04463354065561105, 0.18212076176942052)
  (0.06822848601181061, 0.06738790357928061)
Piece 22:
  (0.41012363837532306, -0.08779388614711496)
  (0.4336902400987349, -0.15452085531308069)
  (0.37396314972684025, -0.19418085955057848)
  (0.35496118886233524, -0.2563668383683233)
  (0.3819035032067328, -0.32272234852644627)
  (0.3940877162081539, -0.30697283847930484)
  (0.40594704825557054, -0.29098238029515255)
  (0.4180879323346657, -0.2738591626547904)
  (0.4284580473308546, -0.25655767103333926)
  (0.4388281623270434, -0.23925617941188812)
  (0.4484520249148345, -0.2198591492522502)
  (0.4571057678123971, -0.2015623471674558)
  (0.46539197305944896, -0.1816934445139905)
  (0.47216814802818446, -0.16275530416273823)
  (0.4790092653581595, -0.1429901407976779)
  (0.48381883045041973, -0.12378928064676648)
  (0.488923117257023, -0.10466224444218321)
  (0.49266705164590463, -0.08221232450605592)
  (0.4960060918063412, -0.05970234418470367)
  (0.4981942599352509, -0.03675668342714276)
  (0.49931101860012184, -0.014024538579438927)
  (0.4999237399329112, 0.008732368034556267)
  (0.3655364026888126, 0.0375002455272091)
  (0.2708041327793228, -0.030095134512235874)
  (0.41012363837532306, -0.08779388614711496)
Piece 23:
  (-0.31879288690791463, 0.14734311231253813)
  (-0.40225697986263986, 0.17409913981324143)
  (-0.22789746655710802, 0.2739159187796051)
  (-0.1536849492543143, 0.2115784987346202)
  (-0.10952323268587469, 0.13555837539137305)
  (-0.16848000837418334, 0.04877828496730996)
  (-0.31879288690791463, 0.14734311231253813)
Piece 24:
  (-0.3029356719190605, -0.044137099807785796)
  (-0.3099986837439267, -0.20008647953936898)
  (-0.17910782335559136, -0.28797017976616046)
  (-0.20210120334123483, -0.18412716842484514)
  (-0.12483445777051665, -0.13289207452201585)
  (-0.10973855699959849, -0.030147998706667983)
  (-0.3029356719190605, -0.044137099807785796)
Piece 25:
  (-0.37756092578882827, -0.32779223193584517)
  (-0.3627430379214095, -0.34341417722972256)
  (-0.3472477524142432, -0.35926848790569715)
  (-0.3310954841299689, -0.37390805053838694)
  (-0.3139917346843146, -0.3888821480034817)
  (-0.2964315149319107, -0.401905694575509)
  (-0.2788712951795068, -0.4149292411475363)
  (-0.25958828858505995, -0.4266415650755416)
  (-0.2409624398508503, -0.4378054691770755)
  (-0.22181771117588917, -0.4481036743976664)
  (-0.18296854375598534, -0.36962276962291163)
  (-0.17910782335559136, -0.28797017976616046)
  (-0.3099986837439267, -0.20008647953936898)
  (-0.4200944047524558, -0.2711469916773554)
  (-0.40639252498818357, -0.2903817244541339)
  (-0.3923270621580582, -0.30934680565150713)
  (-0.37756092578882827, -0.32779223193584517)
Piece 26:
  (-0.012509093093903662, -0.3681380073438106)
  (-0.0946366700566994, -0.26754171830220597)
  (0.010334857779427227, -0.3067097743900926)
  (0.043801785292497106, -0.3870564474046238)
  (0.02677906903230127, -0.4992823664638711)
  (0.006494623370874232, -0.4996809396133498)
  (-0.014024418131937205, -0.4993110245173281)
  (-0.03437633948308879, -0.4983111987345901)
  (-0.054837960734895816, -0.4967276549291336)
  (-0.0749835958347973, -0.49434548683656837)
  (-0.09637910946739711, -0.49056560760842066)
  (-0.11797372023174252, -0.48527555250058796)
  (-0.13926861190894235, -0.47994145981676306)
  (-0.16067462476602717, -0.4729126270205489)
  (-0.18136561881380003, -0.46550927097057104)
  (-0.2018993118896384, -0.45694639536808673)
  (-0.22181771117588917, -0.4481036743976664)
  (-0.18296854375598534, -0.36962276962291163)
  (-0.012509093093903662, -0.3681380073438106)
Piece 27:
  (0.2992468294851866, 0.13758731011813008)
  (0.3698194046555858, 0.09864709221794282)
  (0.48974592417239415, 0.10074189672885622)
  (0.4933081360244522, 0.07789048468022217)
  (0.49670153723332566, 0.055014031938124326)
  (0.4984384155406337, 0.03178678190631497)
  (0.4999237399329112, 0.008732368034556267)
  (0.3655364026888126, 0.0375002455272091)
  (0.21650983062595347, 0.1349548371619872)
  (-0.04463354065561105, 0.18212076176942052)
  (0.007439839043927428, 0.225006362436859)
  (0.06717574162542558, 0.2565768285294602)
  (0.1355461697455129, 0.20526169926795934)
  (0.19320610005274186, 0.2051090741536699)
  (0.2992468294851866, 0.13758731011813008)
Piece 28:
  (-0.16848000837418334, 0.04877828496730996)
  (-0.31879288690791463, 0.14734311231253813)
  (-0.4044274273229589, 0.029640944553208953)
  (-0.33761762306274384, 0.0468720225077305)
  (-0.2581312877846622, 0.040252401931669464)
  (-0.2042410515058039, 0.013192536399732568)
  (-0.3029356719190605, -0.044137099807785796)
  (-0.10973855699959849, -0.030147998706667983)
  (-0.016353458755601447, 0.07617834601750276)
  (-0.1536849492543143, 0.2115784987346202)
  (-0.10952323268587469, 0.13555837539137305)
  (-0.16848000837418334, 0.04877828496730996)
Piece 29:
  (-0.07419720795808397, 0.3681077682069305)
  (0.014817345398913676, 0.3844742419063493)
  (0.12863828561594814, 0.4280978311602827)
  (0.1355461697455129, 0.20526169926795934)
  (0.06717574162542558, 0.2565768285294602)
  (0.007439839043927428, 0.225006362436859)
  (-0.04463354065561105, 0.18212076176942052)
  (-0.09417761830182396, 0.24284394708399612)
  (-0.07419720795808397, 0.3681077682069305)
Piece 30:
  (0.18710320663913355, 0.05319342689505817)
  (0.06822848601181061, 0.06738790357928061)
  (-0.04463354065561105, 0.18212076176942052)
  (0.21650983062595347, 0.1349548371619872)
  (0.3655364026888126, 0.0375002455272091)
  (0.2708041327793228, -0.030095134512235874)
  (0.17036933715526537, -0.07016842061527623)
  (0.0904993830302051, -0.10203637536943104)
  (0.17778504801735065, -0.029473813140106567)
  (0.18710320663913355, 0.05319342689505817)

Available Edges:
