Pieces:
Piece 1:
  (-0.40225697986263986, 0.17409913981324143)
  (-0.4588660858969421, 0.19859988724473168)
  (-0.3705764021540813, 0.33566818462067066)
  (-0.22789746655710802, 0.2739159187796051)
  (-0.40225697986263986, 0.17409913981324143)
Piece 2:
  (-0.07419720795808397, 0.3681077682069305)
  (-0.18164674224746868, 0.3575884215577509)
  (-0.25902334862491694, 0.42767616822443444)
  (-0.1816443034759375, 0.4658383271208387)
  (-0.0829479021771642, 0.4498075885225495)
  (0.014817345398913676, 0.3844742419063493)
  (-0.07419720795808397, 0.3681077682069305)
Piece 3:
  (-0.09269765742676188, 0.49133201026148365)
  (0.14388833722363076, 0.4788487719635697)
  (0.12863828561594814, 0.4280978311602827)
  (0.014817345398913676, 0.3844742419063493)
  (-0.0829479021771642, 0.4498075885225495)
  (-0.1816443034759375, 0.4658383271208387)
  (-0.09269765742676188, 0.49133201026148365)
Piece 4:
  (0.05467592833929193, -0.007509926489956978)
  (-0.03054078600886257, -0.06172467652897316)
  (-0.03458077940854242, -0.2189512623969946)
  (-0.11859580513567408, -0.18126002555296053)
  (-0.20210120334123483, -0.18412716842484514)
  (-0.12483445777051665, -0.13289207452201585)
  (-0.10973855699959849, -0.030147998706667983)
  (0.05467592833929193, -0.007509926489956978)
Piece 5:
  (-0.22789746655710802, 0.2739159187796051)
  (-0.3705764021540813, 0.33566818462067066)
  (-0.25902334862491694, 0.42767616822443444)
  (-0.18164674224746868, 0.3575884215577509)
  (-0.07419720795808397, 0.3681077682069305)
  (-0.22789746655710802, 0.2739159187796051)
Piece 6:
  (0.12863828561594814, 0.4280978311602827)
  (0.14388833722363076, 0.4788487719635697)
  (0.2500244062234923, 0.43299861003540197)
  (0.21142188446416454, 0.30453253352204224)
  (0.19820150554310148, 0.2872358523703007)
  (0.1355461697455129, 0.20526169926795934)
  (0.12863828561594814, 0.4280978311602827)
Piece 7:
  (0.010334857779427227, -0.3067097743900926)
  (0.043801785292497106, -0.3870564474046238)
  (0.19297266731256263, -0.2617615591019039)
  (0.027936129183358305, -0.176781238641544)
  (0.010334857779427227, -0.3067097743900926)
Piece 8:
  (-0.1536849492543143, 0.2115784987346202)
  (-0.22789746655710802, 0.2739159187796051)
  (-0.07419720795808397, 0.3681077682069305)
  (-0.09417761830182396, 0.24284394708399612)
  (-0.04463354065561105, 0.18212076176942052)
  (-0.016353458755601447, 0.07617834601750276)
  (-0.1536849492543143, 0.2115784987346202)
Piece 9:
  (0.2666718441265406, -0.22429905948672363)
  (0.32114887999578007, -0.3832276045347674)
  (0.3819035032067328, -0.32272234852644627)
  (0.35496118886233524, -0.2563668383683233)
  (0.37396314972684025, -0.19418085955057848)
  (0.4336902400987349, -0.15452085531308069)
  (0.41012363837532306, -0.08779388614711496)
  (0.3503552222591051, -0.1347862671584708)
  (0.2666718441265406, -0.22429905948672363)
Piece 10:
  (0.15669762357991252, -0.3717341301691965)
  (0.1621282053051151, -0.47298461396174657)
  (0.32114887999578007, -0.3832276045347674)
  (0.2666718441265406, -0.22429905948672363)
  (0.15669762357991252, -0.3717341301691965)
Piece 11:
  (-0.47778739688561106, -0.14737436472219842)
  (-0.4200944047524558, -0.2711469916773554)
  (-0.3099986837439267, -0.20008647953936898)
  (-0.3029356719190605, -0.044137099807785796)
  (-0.47778739688561106, -0.14737436472219842)
Piece 12:
  (0.19297266731256263, -0.2617615591019039)
  (0.2666718441265406, -0.22429905948672363)
  (0.15669762357991252, -0.3717341301691965)
  (0.1621282053051151, -0.47298461396174657)
  (0.02677906903230127, -0.4992823664638711)
  (0.043801785292497106, -0.3870564474046238)
  (0.19297266731256263, -0.2617615591019039)
Piece 13:
  (-0.03458077940854242, -0.2189512623969946)
  (-0.0946366700566994, -0.26754171830220597)
  (0.010334857779427227, -0.3067097743900926)
  (0.027936129183358305, -0.176781238641544)
  (0.0904993830302051, -0.10203637536943104)
  (0.05467592833929193, -0.007509926489956978)
  (-0.03054078600886257, -0.06172467652897316)
  (-0.03458077940854242, -0.2189512623969946)
Piece 14:
  (0.17036933715526537, -0.07016842061527623)
  (0.2708041327793228, -0.030095134512235874)
  (0.25259400146144595, -0.09091526513077908)
  (0.1934179593712937, -0.11885432249294628)
  (0.19615860682176867, -0.20249728337282197)
  (0.19297266731256263, -0.2617615591019039)
  (0.027936129183358305, -0.176781238641544)
  (0.0904993830302051, -0.10203637536943104)
  (0.17036933715526537, -0.07016842061527623)
Piece 15:
  (-0.17910782335559136, -0.28797017976616046)
  (-0.18296854375598534, -0.36962276962291163)
  (-0.012509093093903662, -0.3681380073438106)
  (-0.0946366700566994, -0.26754171830220597)
  (-0.03458077940854242, -0.2189512623969946)
  (-0.11859580513567408, -0.18126002555296053)
  (-0.20210120334123483, -0.18412716842484514)
  (-0.17910782335559136, -0.28797017976616046)
Piece 16:
  (-0.3029356719190605, -0.044137099807785796)
  (-0.47778739688561106, -0.14737436472219842)
  (-0.4961452148305572, -0.06196713484372384)
  (-0.4184377063719838, -0.037998116891647366)
  (-0.4044274273229589, 0.029640944553208953)
  (-0.33761762306274384, 0.0468720225077305)
  (-0.2581312877846622, 0.040252401931669464)
  (-0.2042410515058039, 0.013192536399732568)
  (-0.3029356719190605, -0.044137099807785796)
Piece 17:
  (0.2666718441265406, -0.22429905948672363)
  (0.3503552222591051, -0.1347862671584708)
  (0.41012363837532306, -0.08779388614711496)
  (0.2708041327793228, -0.030095134512235874)
  (0.25259400146144595, -0.09091526513077908)
  (0.1934179593712937, -0.11885432249294628)
  (0.19615860682176867, -0.20249728337282197)
  (0.19297266731256263, -0.2617615591019039)
  (0.2666718441265406, -0.22429905948672363)
Piece 18:
  (-0.49999504983143667, -0.0022248919207877448)
  (-0.4588660858969421, 0.19859988724473168)
  (-0.40225697986263986, 0.17409913981324143)
  (-0.31879288690791463, 0.14734311231253813)
  (-0.4044274273229589, 0.029640944553208953)
  (-0.4184377063719838, -0.037998116891647366)
  (-0.4961452148305572, -0.06196713484372384)
  (-0.49999504983143667, -0.0022248919207877448)
Piece 19:
  (0.19320610005274186, 0.2051090741536699)
  (0.1355461697455129, 0.20526169926795934)
  (0.19820150554310148, 0.2872358523703007)
  (0.3977010027300458, 0.18587050557265944)
  (0.46570438687029353, 0.18198742827394415)
  (0.48974592417239415, 0.10074189672885622)
  (0.3698194046555858, 0.09864709221794282)
  (0.2992468294851866, 0.13758731011813008)
  (0.19320610005274186, 0.2051090741536699)
Piece 20:
  (0.3718193225981797, 0.33429087834194754)
  (0.28514418054233964, 0.41072228610441575)
  (0.2500244062234923, 0.43299861003540197)
  (0.21142188446416454, 0.30453253352204224)
  (0.19820150554310148, 0.2872358523703007)
  (0.3977010027300458, 0.18587050557265944)
  (0.46570438687029353, 0.18198742827394415)
  (0.3718193225981797, 0.33429087834194754)
Piece 21:
  (0.06822848601181061, 0.06738790357928061)
  (0.18710320663913355, 0.05319342689505817)
  (0.17778504801735065, -0.029473813140106567)
  (0.0904993830302051, -0.10203637536943104)
  (0.05467592833929193, -0.007509926489956978)
  (-0.10973855699959849, -0.030147998706667983)
  (-0.016353458755601447, 0.07617834601750276)
  (-0.04463354065561105, 0.18212076176942052)
  (0.06822848601181061, 0.06738790357928061)
Piece 22:
  (0.41012363837532306, -0.08779388614711496)
  (0.4336902400987349, -0.15452085531308069)
  (0.37396314972684025, -0.19418085955057848)
  (0.35496118886233524, -0.2563668383683233)
  (0.3819035032067328, -0.32272234852644627)
  (0.488923117257023, -0.10466224444218321)
  (0.4999237399329112, 0.008732368034556267)
  (0.3655364026888126, 0.0375002455272091)
  (0.2708041327793228, -0.030095134512235874)
  (0.41012363837532306, -0.08779388614711496)
Piece 23:
  (-0.31879288690791463, 0.14734311231253813)
  (-0.40225697986263986, 0.17409913981324143)
  (-0.22789746655710802, 0.2739159187796051)
  (-0.1536849492543143, 0.2115784987346202)
  (-0.10952323268587469, 0.13555837539137305)
  (-0.16848000837418334, 0.04877828496730996)
  (-0.31879288690791463, 0.14734311231253813)
Piece 24:
  (-0.3029356719190605, -0.044137099807785796)
  (-0.3099986837439267, -0.20008647953936898)
  (-0.17910782335559136, -0.28797017976616046)
  (-0.20210120334123483, -0.18412716842484514)
  (-0.12483445777051665, -0.13289207452201585)
  (-0.10973855699959849, -0.030147998706667983)
  (-0.3029356719190605, -0.044137099807785796)
Piece 25:
  (-0.37756092578882827, -0.32779223193584517)
  (-0.22181771117588917, -0.4481036743976664)
  (-0.18296854375598534, -0.36962276962291163)
  (-0.17910782335559136, -0.28797017976616046)
  (-0.3099986837439267, -0.20008647953936898)
  (-0.4200944047524558, -0.2711469916773554)
  (-0.37756092578882827, -0.32779223193584517)
Piece 26:
  (-0.012509093093903662, -0.3681380073438106)
  (-0.0946366700566994, -0.26754171830220597)
  (0.010334857779427227, -0.3067097743900926)
  (0.043801785292497106, -0.3870564474046238)
  (0.02677906903230127, -0.4992823664638711)
  (-0.0749835958347973, -0.49434548683656837)
  (-0.22181771117588917, -0.4481036743976664)
  (-0.18296854375598534, -0.36962276962291163)
  (-0.012509093093903662, -0.3681380073438106)
Piece 27:
  (0.2992468294851866, 0.13758731011813008)
  (0.3698194046555858, 0.09864709221794282)
  (0.48974592417239415, 0.10074189672885622)
  (0.4999237399329112, 0.008732368034556267)
  (0.3655364026888126, 0.0375002455272091)
  (0.21650983062595347, 0.1349548371619872)
  (-0.04463354065561105, 0.18212076176942052)
  (0.007439839043927428, 0.225006362436859)
  (0.06717574162542558, 0.2565768285294602)
  (0.1355461697455129, 0.20526169926795934)
  (0.19320610005274186, 0.2051090741536699)
  (0.2992468294851866, 0.13758731011813008)
Piece 28:
  (-0.16848000837418334, 0.04877828496730996)
  (-0.31879288690791463, 0.14734311231253813)
  (-0.4044274273229589, 0.029640944553208953)
  (-0.33761762306274384, 0.0468720225077305)
  (-0.2581312877846622, 0.040252401931669464)
  (-0.2042410515058039, 0.013192536399732568)
  (-0.3029356719190605, -0.044137099807785796)
  (-0.10973855699959849, -0.030147998706667983)
  (-0.016353458755601447, 0.07617834601750276)
  (-0.1536849492543143, 0.2115784987346202)
  (-0.10952323268587469, 0.13555837539137305)
  (-0.16848000837418334, 0.04877828496730996)
Piece 29:
  (-0.07419720795808397, 0.3681077682069305)
  (0.014817345398913676, 0.3844742419063493)
  (0.12863828561594814, 0.4280978311602827)
  (0.1355461697455129, 0.20526169926795934)
  (0.06717574162542558, 0.2565768285294602)
  (0.007439839043927428, 0.225006362436859)
  (-0.04463354065561105, 0.18212076176942052)
  (-0.09417761830182396, 0.24284394708399612)
  (-0.07419720795808397, 0.3681077682069305)
Piece 30:
  (0.18710320663913355, 0.05319342689505817)
  (0.06822848601181061, 0.06738790357928061)
  (-0.04463354065561105, 0.18212076176942052)
  (0.21650983062595347, 0.1349548371619872)
  (0.3655364026888126, 0.0375002455272091)
  (0.2708041327793228, -0.030095134512235874)
  (0.17036933715526537, -0.07016842061527623)
  (0.0904993830302051, -0.10203637536943104)
  (0.17778504801735065, -0.029473813140106567)
  (0.18710320663913355, 0.05319342689505817)

Available Edges:
