Pieces:
Piece 1:
  (0.07641505453153936, 0.4941262383651994)
  (0.0012631886267153824, 0.49999840435194726)
  (0.001073755305817459, 0.42501644506504754)
  (0.03459165913949124, 0.3621153581184519)
  (0.09759424677542225, 0.33007009404215126)
  (0.1794409841973449, 0.38364015681897595)
  (0.12520595816402014, 0.44963545385025394)
  (0.07641505453153936, 0.4941262383651994)
Piece 2:
  (0.03459165913949124, 0.3621153581184519)
  (0.001073755305817459, 0.42501644506504754)
  (0.0012631886267153824, 0.49999840435194726)
  (-0.0624479242188598, 0.4960849289796612)
  (-0.053256045233241955, 0.4230648455932432)
  (-0.08254936336862073, 0.3666620002199623)
  (-0.08177033546635992, 0.28815258954571743)
  (-0.0026916363046826097, 0.281811021795433)
  (0.03459165913949124, 0.3621153581184519)
Piece 3:
  (-0.08254936336862073, 0.3666620002199623)
  (-0.053256045233241955, 0.4230648455932432)
  (-0.0624479242188598, 0.4960849289796612)
  (-0.1425264965214895, 0.47925587924334306)
  (-0.12510392102922557, 0.42067118138002674)
  (-0.18521858045848222, 0.37112805668386734)
  (-0.14773472879515706, 0.297640289168978)
  (-0.1550934875296663, 0.2392032059184956)
  (-0.08254936336862073, 0.3666620002199623)
Piece 4:
  (0.07641505453153936, 0.4941262383651994)
  (0.12520595816402014, 0.44963545385025394)
  (0.1794409841973449, 0.38364015681897595)
  (0.21183906225744542, 0.4529064050130956)
  (0.07641505453153936, 0.4941262383651994)
Piece 5:
  (-0.1425264965214895, 0.47925587924334306)
  (-0.12510392102922557, 0.42067118138002674)
  (-0.18521858045848222, 0.37112805668386734)
  (-0.14773472879515706, 0.297640289168978)
  (-0.1550934875296663, 0.2392032059184956)
  (-0.27201487601157814, 0.41953296322030015)
  (-0.1425264965214895, 0.47925587924334306)
Piece 6:
  (-0.1550934875296663, 0.2392032059184956)
  (-0.27201487601157814, 0.41953296322030015)
  (-0.3604513928924637, 0.34651809961657526)
  (-0.28943127620942793, 0.23698261965621725)
  (-0.1764020947374434, 0.19822255436614375)
  (-0.1550934875296663, 0.2392032059184956)
Piece 7:
  (-0.28943127620942793, 0.23698261965621725)
  (-0.3604513928924637, 0.34651809961657526)
  (-0.4410321236663882, 0.23556456841875786)
  (-0.3626696536735935, 0.16023120941779756)
  (-0.2254209764709273, 0.1096709166060103)
  (-0.28943127620942793, 0.23698261965621725)
Piece 8:
  (0.1794409841973449, 0.38364015681897595)
  (0.21183906225744542, 0.4529064050130956)
  (0.3611548395642697, 0.3457848780084326)
  (0.2955235354201007, 0.2054668568677782)
  (0.1794409841973449, 0.38364015681897595)
Piece 9:
  (0.2955235354201007, 0.2054668568677782)
  (0.3611548395642697, 0.3457848780084326)
  (0.4181003657980451, 0.27421175051325003)
  (0.34703739428246266, 0.20617306393195184)
  (0.25778798378516465, 0.16879633867506855)
  (0.1709016138390722, 0.13231425109720227)
  (0.1802298946503446, 0.2013987415413569)
  (0.2955235354201007, 0.2054668568677782)
Piece 10:
  (-0.3626696536735935, 0.16023120941779756)
  (-0.4410321236663882, 0.23556456841875786)
  (-0.482853504260302, 0.129817153810837)
  (-0.39418527317067187, 0.08245757960239879)
  (-0.3358846942303547, 0.0033572168731741403)
  (-0.3362038359334562, 0.11393173769084963)
  (-0.3626696536735935, 0.16023120941779756)
Piece 11:
  (0.34703739428246266, 0.20617306393195184)
  (0.4181003657980451, 0.27421175051325003)
  (0.477490819909312, 0.14833245397529474)
  (0.37673490968217876, 0.08225153949151395)
  (0.32320670977629895, -0.02033982341822313)
  (0.34703739428246266, 0.20617306393195184)
Piece 12:
  (-0.39418527317067187, 0.08245757960239879)
  (-0.482853504260302, 0.129817153810837)
  (-0.4981826443603597, 0.04259169940398432)
  (-0.413097167187537, 0.019716118343153434)
  (-0.3812202859588005, -0.0712142269327212)
  (-0.33455578277777454, -0.15291048720262407)
  (-0.33573286115992335, -0.07272475333009078)
  (-0.39418527317067187, 0.08245757960239879)
Piece 13:
  (0.32320670977629895, -0.02033982341822313)
  (0.37673490968217876, 0.08225153949151395)
  (0.477490819909312, 0.14833245397529474)
  (0.49522852228430303, 0.06891088967721697)
  (0.43715859145170055, -0.01601784994635097)
  (0.429859146148409, -0.13384706599639282)
  (0.32320670977629895, -0.02033982341822313)
Piece 14:
  (-0.3812202859588005, -0.0712142269327212)
  (-0.413097167187537, 0.019716118343153434)
  (-0.4981826443603597, 0.04259169940398432)
  (-0.4935987686305394, -0.07975121068933831)
  (-0.4267504603009414, -0.18655249564448956)
  (-0.3812202859588005, -0.0712142269327212)
Piece 15:
  (0.49522852228430303, 0.06891088967721697)
  (0.43715859145170055, -0.01601784994635097)
  (0.429859146148409, -0.13384706599639282)
  (0.47739274241174506, -0.14864780352428078)
  (0.49522852228430303, 0.06891088967721697)
Piece 16:
  (-0.4935987686305394, -0.07975121068933831)
  (-0.4267504603009414, -0.18655249564448956)
  (-0.45813810804916244, -0.20027349788010887)
  (-0.4935987686305394, -0.07975121068933831)
Piece 17:
  (0.32320670977629895, -0.02033982341822313)
  (0.429859146148409, -0.13384706599639282)
  (0.47739274241174506, -0.14864780352428078)
  (0.444915765279527, -0.2281446072247443)
  (0.38736529968629385, -0.1986337887889888)
  (0.3307716801855958, -0.2157275268704573)
  (0.25934923778055835, -0.17697216629605567)
  (0.25874795944673074, -0.11304785706691262)
  (0.32320670977629895, -0.02033982341822313)
Piece 18:
  (-0.4267504603009414, -0.18655249564448956)
  (-0.45813810804916244, -0.20027349788010887)
  (-0.39438885967565346, -0.30733927078025314)
  (-0.29912920361205764, -0.265696839837431)
  (-0.20070130820983734, -0.23194718471471798)
  (-0.4267504603009414, -0.18655249564448956)
Piece 19:
  (-0.20070130820983734, -0.23194718471471798)
  (-0.29912920361205764, -0.265696839837431)
  (-0.39438885967565346, -0.30733927078025314)
  (-0.30424302828031063, -0.3967822825465196)
  (-0.2382723532215828, -0.31074581630802345)
  (-0.20070130820983734, -0.23194718471471798)
Piece 20:
  (-0.2382723532215828, -0.31074581630802345)
  (-0.30424302828031063, -0.3967822825465196)
  (-0.18310151379819684, -0.46526748827401293)
  (-0.10777963456321259, -0.36703553424213653)
  (-0.14826005360738087, -0.2740182016559)
  (-0.2382723532215828, -0.31074581630802345)
Piece 21:
  (0.38736529968629385, -0.1986337887889888)
  (0.444915765279527, -0.2281446072247443)
  (0.33091029167659314, -0.3748311337956228)
  (0.21378162860663136, -0.31476971337356363)
  (0.38736529968629385, -0.1986337887889888)
Piece 22:
  (-0.10777963456321259, -0.36703553424213653)
  (-0.18310151379819684, -0.46526748827401293)
  (-0.09764043366593551, -0.49037367967044077)
  (-0.0681450068315142, -0.415424746293811)
  (0.016602807946990872, -0.3808139066370414)
  (0.040901888869702425, -0.30957031568900206)
  (-0.01191066380525229, -0.23688437884238922)
  (-0.10777963456321259, -0.36703553424213653)
Piece 23:
  (0.21378162860663136, -0.31476971337356363)
  (0.33091029167659314, -0.3748311337956228)
  (0.23259838108152822, -0.4426036524004882)
  (0.16014870446764265, -0.36053792307330984)
  (0.15439172540379625, -0.3540168355036063)
  (0.14445237106442302, -0.2630413560344377)
  (0.1893613402770207, -0.17578623469404772)
  (0.21378162860663136, -0.31476971337356363)
Piece 24:
  (0.016602807946990872, -0.3808139066370414)
  (-0.0681450068315142, -0.415424746293811)
  (-0.09764043366593551, -0.49037367967044077)
  (-0.006411626272846721, -0.4999588893584525)
  (0.09144371231655472, -0.432786431821941)
  (0.16014870446764265, -0.36053792307330984)
  (0.016602807946990872, -0.3808139066370414)
Piece 25:
  (0.23259838108152822, -0.4426036524004882)
  (0.16014870446764265, -0.36053792307330984)
  (0.2029735828779996, -0.45694827349894634)
  (0.23259838108152822, -0.4426036524004882)
Piece 26:
  (-0.006411626272846721, -0.4999588893584525)
  (0.09144371231655472, -0.432786431821941)
  (0.16014870446764265, -0.36053792307330984)
  (0.2029735828779996, -0.45694827349894634)
  (-0.006411626272846721, -0.4999588893584525)

Available Edges:
Edge 1:
  (0.03459165913949124, 0.3621153581184519)
  (0.09759424677542225, 0.33007009404215126)
Edge 2:
  (0.09759424677542225, 0.33007009404215126)
  (0.1794409841973449, 0.38364015681897595)
Edge 3:
  (-0.08254936336862073, 0.3666620002199623)
  (-0.08177033546635992, 0.28815258954571743)
Edge 4:
  (-0.08177033546635992, 0.28815258954571743)
  (-0.0026916363046826097, 0.281811021795433)
Edge 5:
  (-0.0026916363046826097, 0.281811021795433)
  (0.03459165913949124, 0.3621153581184519)
Edge 6:
  (-0.1550934875296663, 0.2392032059184956)
  (-0.08254936336862073, 0.3666620002199623)
Edge 7:
  (-0.28943127620942793, 0.23698261965621725)
  (-0.1764020947374434, 0.19822255436614375)
Edge 8:
  (-0.1764020947374434, 0.19822255436614375)
  (-0.1550934875296663, 0.2392032059184956)
Edge 9:
  (-0.3626696536735935, 0.16023120941779756)
  (-0.2254209764709273, 0.1096709166060103)
Edge 10:
  (-0.2254209764709273, 0.1096709166060103)
  (-0.28943127620942793, 0.23698261965621725)
Edge 11:
  (0.2955235354201007, 0.2054668568677782)
  (0.1794409841973449, 0.38364015681897595)
Edge 12:
  (0.34703739428246266, 0.20617306393195184)
  (0.25778798378516465, 0.16879633867506855)
Edge 13:
  (0.25778798378516465, 0.16879633867506855)
  (0.1709016138390722, 0.13231425109720227)
Edge 14:
  (0.1709016138390722, 0.13231425109720227)
  (0.1802298946503446, 0.2013987415413569)
Edge 15:
  (0.1802298946503446, 0.2013987415413569)
  (0.2955235354201007, 0.2054668568677782)
Edge 16:
  (-0.39418527317067187, 0.08245757960239879)
  (-0.3358846942303547, 0.0033572168731741403)
Edge 17:
  (-0.3358846942303547, 0.0033572168731741403)
  (-0.3362038359334562, 0.11393173769084963)
Edge 18:
  (-0.3362038359334562, 0.11393173769084963)
  (-0.3626696536735935, 0.16023120941779756)
Edge 19:
  (0.32320670977629895, -0.02033982341822313)
  (0.34703739428246266, 0.20617306393195184)
Edge 20:
  (-0.3812202859588005, -0.0712142269327212)
  (-0.33455578277777454, -0.15291048720262407)
Edge 21:
  (-0.33455578277777454, -0.15291048720262407)
  (-0.33573286115992335, -0.07272475333009078)
Edge 22:
  (-0.33573286115992335, -0.07272475333009078)
  (-0.39418527317067187, 0.08245757960239879)
Edge 23:
  (-0.4267504603009414, -0.18655249564448956)
  (-0.3812202859588005, -0.0712142269327212)
Edge 24:
  (0.38736529968629385, -0.1986337887889888)
  (0.3307716801855958, -0.2157275268704573)
Edge 25:
  (0.3307716801855958, -0.2157275268704573)
  (0.25934923778055835, -0.17697216629605567)
Edge 26:
  (0.25934923778055835, -0.17697216629605567)
  (0.25874795944673074, -0.11304785706691262)
Edge 27:
  (0.25874795944673074, -0.11304785706691262)
  (0.32320670977629895, -0.02033982341822313)
Edge 28:
  (-0.20070130820983734, -0.23194718471471798)
  (-0.4267504603009414, -0.18655249564448956)
Edge 29:
  (-0.2382723532215828, -0.31074581630802345)
  (-0.20070130820983734, -0.23194718471471798)
Edge 30:
  (-0.10777963456321259, -0.36703553424213653)
  (-0.14826005360738087, -0.2740182016559)
Edge 31:
  (-0.14826005360738087, -0.2740182016559)
  (-0.2382723532215828, -0.31074581630802345)
Edge 32:
  (0.21378162860663136, -0.31476971337356363)
  (0.38736529968629385, -0.1986337887889888)
Edge 33:
  (0.016602807946990872, -0.3808139066370414)
  (0.040901888869702425, -0.30957031568900206)
Edge 34:
  (0.040901888869702425, -0.30957031568900206)
  (-0.01191066380525229, -0.23688437884238922)
Edge 35:
  (-0.01191066380525229, -0.23688437884238922)
  (-0.10777963456321259, -0.36703553424213653)
Edge 36:
  (0.16014870446764265, -0.36053792307330984)
  (0.15439172540379625, -0.3540168355036063)
Edge 37:
  (0.15439172540379625, -0.3540168355036063)
  (0.14445237106442302, -0.2630413560344377)
Edge 38:
  (0.14445237106442302, -0.2630413560344377)
  (0.1893613402770207, -0.17578623469404772)
Edge 39:
  (0.1893613402770207, -0.17578623469404772)
  (0.21378162860663136, -0.31476971337356363)
Edge 40:
  (0.16014870446764265, -0.36053792307330984)
  (0.016602807946990872, -0.3808139066370414)
