Pieces:
Piece 1:
  (0.38736529968629385, -0.1986337887889888)
  (0.444915765279527, -0.2281446072247443)
  (0.43480191204134916, -0.24597357219002078)
  (0.4242669324667677, -0.26355012374309095)
  (0.4129611149618873, -0.2815250061429005)
  (0.4006676879909433, -0.2981007735750663)
  (0.38837426101999933, -0.3146765410072322)
  (0.374222433502156, -0.3307486159821826)
  (0.3603995905049121, -0.34599977301089935)
  (0.34559894575970873, -0.36076287914929445)
  (0.33091029167659314, -0.3748311337956228)
  (0.21378162860663136, -0.31476971337356363)
  (0.38736529968629385, -0.1986337887889888)
Piece 2:
  (-0.3358846942303547, 0.0033572168731741403)
  (-0.39418527317067187, 0.08245757960239879)
  (-0.33573286115992335, -0.07272475333009078)
  (-0.2607411734968957, -0.05101988219265109)
  (-0.17820792142131725, -0.07418380624779539)
  (-0.21247902632274682, 0.012161936145675317)
  (-0.2254209764709273, 0.1096709166060103)
  (-0.3358846942303547, 0.0033572168731741403)
Piece 3:
  (0.21378162860663136, -0.31476971337356363)
  (0.33091029167659314, -0.3748311337956228)
  (0.3124591423812765, -0.3900187959222422)
  (0.2932886815273185, -0.4042365786868668)
  (0.27357837550082265, -0.41825622967802817)
  (0.2531357905271443, -0.4305090435760836)
  (0.23259838108152822, -0.4426036524004882)
  (0.16014870446764265, -0.36053792307330984)
  (0.15439172540379625, -0.3540168355036063)
  (0.14445237106442302, -0.2630413560344377)
  (0.1893613402770207, -0.17578623469404772)
  (0.21378162860663136, -0.31476971337356363)
Piece 4:
  (0.34703739428246266, 0.20617306393195184)
  (0.4181003657980451, 0.27421175051325003)
  (0.4298032091712462, 0.2543134040874485)
  (0.4417326687330323, 0.23406603425576722)
  (0.45165096548015204, 0.21309555769452998)
  (0.46156926222727185, 0.19212508113329269)
  (0.46956895706613705, 0.17001955626161017)
  (0.477490819909312, 0.14833245397529474)
  (0.37673490968217876, 0.08225153949151395)
  (0.32320670977629895, -0.02033982341822313)
  (0.34703739428246266, 0.20617306393195184)
Piece 5:
  (-0.1764020947374434, 0.19822255436614375)
  (-0.28943127620942793, 0.23698261965621725)
  (-0.2254209764709273, 0.1096709166060103)
  (-0.11840880700776853, 0.07885460606977127)
  (-0.009322343728808566, 0.13340197639685408)
  (-0.1764020947374434, 0.19822255436614375)
Piece 6:
  (0.09759424677542225, 0.33007009404215126)
  (0.1794409841973449, 0.38364015681897595)
  (0.2955235354201007, 0.2054668568677782)
  (0.2207533816316302, 0.2457945381150174)
  (0.14136490155387593, 0.23265030766799077)
  (0.07178729376295, 0.1400768195538775)
  (0.09759424677542225, 0.33007009404215126)
Piece 7:
  (0.1794409841973449, 0.38364015681897595)
  (0.21183906225744542, 0.4529064050130956)
  (0.22974167344599555, 0.4437779390742992)
  (0.247785889151231, 0.43371565105827925)
  (0.26524008359682977, 0.4232540095115882)
  (0.28304808359833544, 0.41183152373504933)
  (0.2994463485731868, 0.3996697415585373)
  (0.31584461354803817, 0.3875079593820252)
  (0.33153031594101046, 0.3735139419574499)
  (0.3465612598508643, 0.35989068849706835)
  (0.3611548395642697, 0.3457848780084326)
  (0.2955235354201007, 0.2054668568677782)
  (0.1794409841973449, 0.38364015681897595)
Piece 8:
  (-0.2382723532215828, -0.31074581630802345)
  (-0.30424302828031063, -0.3967822825465196)
  (-0.2854355114288374, -0.41006088658037254)
  (-0.2658331777664463, -0.42289852254681876)
  (-0.24594602873915553, -0.4348184209504718)
  (-0.22514377811611017, -0.44595258160857015)
  (-0.20423272331352435, -0.45584277395692624)
  (-0.18310151379819684, -0.46526748827401293)
  (-0.10777963456321259, -0.36703553424213653)
  (-0.14826005360738087, -0.2740182016559)
  (-0.2382723532215828, -0.31074581630802345)
Piece 9:
  (-0.28943127620942793, 0.23698261965621725)
  (-0.3604513928924637, 0.34651809961657526)
  (-0.37542351237672905, 0.3294234296566459)
  (-0.39045792956841113, 0.3118670392022574)
  (-0.40407170363036116, 0.2935109898062437)
  (-0.4176306087299361, 0.27462216099361575)
  (-0.42933456837609746, 0.25509528401777876)
  (-0.4410321236663882, 0.23556456841875786)
  (-0.3626696536735935, 0.16023120941779756)
  (-0.2254209764709273, 0.1096709166060103)
  (-0.28943127620942793, 0.23698261965621725)
Piece 10:
  (-0.10777963456321259, -0.36703553424213653)
  (-0.18310151379819684, -0.46526748827401293)
  (-0.16204986799452564, -0.47242055712519315)
  (-0.14080577796307733, -0.47955641976455354)
  (-0.11922252787889157, -0.48496274246918997)
  (-0.09764043366593551, -0.49037367967044077)
  (-0.0681450068315142, -0.415424746293811)
  (0.016602807946990872, -0.3808139066370414)
  (0.040901888869702425, -0.30957031568900206)
  (-0.01191066380525229, -0.23688437884238922)
  (-0.07039161336818417, -0.3162777747901384)
  (-0.10777963456321259, -0.36703553424213653)
Piece 11:
  (0.14445237106442302, -0.2630413560344377)
  (0.15439172540379625, -0.3540168355036063)
  (0.16014870446764265, -0.36053792307330984)
  (0.016602807946990872, -0.3808139066370414)
  (0.040901888869702425, -0.30957031568900206)
  (0.04879856079572743, -0.22761813292696212)
  (0.10667864044696879, -0.16613614850589525)
  (0.16737778443771104, -0.13057732331074234)
  (0.14445237106442302, -0.2630413560344377)
Piece 12:
  (-0.1550934875296663, 0.2392032059184956)
  (-0.27201487601157814, 0.41953296322030015)
  (-0.29064310028309176, 0.4061986754618546)
  (-0.309041015356247, 0.39255385169758256)
  (-0.32688754234745043, 0.37772190666037)
  (-0.3438643511919242, 0.36233502402520196)
  (-0.3604513928924637, 0.34651809961657526)
  (-0.28943127620942793, 0.23698261965621725)
  (-0.1764020947374434, 0.19822255436614375)
  (-0.1550934875296663, 0.2392032059184956)
Piece 13:
  (-0.3626696536735935, 0.16023120941779756)
  (-0.2254209764709273, 0.1096709166060103)
  (-0.3358846942303547, 0.0033572168731741403)
  (-0.39418527317067187, 0.08245757960239879)
  (-0.482853504260302, 0.129817153810837)
  (-0.4761709042130177, 0.15156835005220107)
  (-0.4685130576264487, 0.17297059750211685)
  (-0.46043222235985815, 0.1945291499463896)
  (-0.4507288189079892, 0.21504527280899072)
  (-0.4410321236663882, 0.23556456841875786)
  (-0.3626696536735935, 0.16023120941779756)
Piece 14:
  (-0.00927388918580925, -0.19755618032200895)
  (-0.07288362602455277, -0.25746029863479136)
  (-0.07039161336818417, -0.3162777747901384)
  (-0.01191066380525229, -0.23688437884238922)
  (0.040901888869702425, -0.30957031568900206)
  (0.04879856079572743, -0.22761813292696212)
  (0.10667864044696879, -0.16613614850589525)
  (0.16737778443771104, -0.13057732331074234)
  (0.13485328435845162, 0.03576821415248568)
  (0.10229950069696964, -0.03062886040446744)
  (0.09310376651753732, -0.0898422746731781)
  (0.0715217955182826, -0.07973727335969742)
  (-0.00927388918580925, -0.19755618032200895)
Piece 15:
  (0.32320670977629895, -0.02033982341822313)
  (0.429859146148409, -0.13384706599639282)
  (0.47739274241174506, -0.14864780352428078)
  (0.47001044242718426, -0.16878568733568783)
  (0.4627849208402542, -0.18897966735474567)
  (0.45376891961958526, -0.20861751990526362)
  (0.444915765279527, -0.2281446072247443)
  (0.38736529968629385, -0.1986337887889888)
  (0.3307716801855958, -0.2157275268704573)
  (0.25934923778055835, -0.17697216629605567)
  (0.25874795944673074, -0.11304785706691262)
  (0.32320670977629895, -0.02033982341822313)
Piece 16:
  (-0.21247902632274682, 0.012161936145675317)
  (-0.2254209764709273, 0.1096709166060103)
  (-0.11840880700776853, 0.07885460606977127)
  (-0.0735228382876601, -0.0019242372625148801)
  (0.011647179132395984, -0.024935764923612144)
  (-0.04776687193892919, -0.11155139565308414)
  (-0.13102173377758725, -0.08475288658004823)
  (-0.21247902632274682, 0.012161936145675317)
Piece 17:
  (0.018725779794433094, 0.08916766276333173)
  (0.07178729376295, 0.1400768195538775)
  (0.14136490155387593, 0.23265030766799077)
  (0.13485328435845162, 0.03576821415248568)
  (0.10229950069696964, -0.03062886040446744)
  (0.09310376651753732, -0.0898422746731781)
  (0.0715217955182826, -0.07973727335969742)
  (0.035042736005285686, -0.06265723260224747)
  (0.011647179132395984, -0.024935764923612144)
  (-0.0007801182969227119, -0.004898802313158493)
  (0.018725779794433094, 0.08916766276333173)
Piece 18:
  (0.018725779794433094, 0.08916766276333173)
  (-0.0007801182969227119, -0.004898802313158493)
  (0.011647179132395984, -0.024935764923612144)
  (-0.0735228382876601, -0.0019242372625148801)
  (-0.11840880700776853, 0.07885460606977127)
  (-0.009322343728808566, 0.13340197639685408)
  (-0.1764020947374434, 0.19822255436614375)
  (-0.1550934875296663, 0.2392032059184956)
  (-0.05625737186667369, 0.23732364621341628)
  (-0.026154799753831195, 0.17374034301319563)
  (0.07178729376295, 0.1400768195538775)
  (0.018725779794433094, 0.08916766276333173)
Piece 19:
  (0.25778798378516465, 0.16879633867506855)
  (0.13485328435845162, 0.03576821415248568)
  (0.14136490155387593, 0.23265030766799077)
  (0.2207533816316302, 0.2457945381150174)
  (0.2955235354201007, 0.2054668568677782)
  (0.3611548395642697, 0.3457848780084326)
  (0.3761711779603633, 0.32859850780639793)
  (0.3910574108474402, 0.3110587322684292)
  (0.4046707014955106, 0.2927033346805779)
  (0.4181003657980451, 0.27421175051325003)
  (0.34703739428246266, 0.20617306393195184)
  (0.25778798378516465, 0.16879633867506855)
Piece 20:
  (-0.026154799753831195, 0.17374034301319563)
  (-0.05625737186667369, 0.23732364621341628)
  (-0.1550934875296663, 0.2392032059184956)
  (-0.08254936336862073, 0.3666620002199623)
  (-0.08177033546635992, 0.28815258954571743)
  (-0.0026916363046826097, 0.281811021795433)
  (0.03459165913949124, 0.3621153581184519)
  (0.09759424677542225, 0.33007009404215126)
  (0.07178729376295, 0.1400768195538775)
  (-0.026154799753831195, 0.17374034301319563)
Piece 21:
  (-0.006411626272846721, -0.4999588893584525)
  (0.014704722810363523, -0.4992776032915936)
  (0.03580362025332323, -0.4982410809266119)
  (0.05777403076742248, -0.496292130081377)
  (0.0788860149792379, -0.4931604630544234)
  (0.10105155278783627, -0.48951433478346035)
  (0.12176762986313894, -0.484325227609779)
  (0.1424837069384416, -0.47913612043609766)
  (0.16338393050022582, -0.47194322192806243)
  (0.18331032102287614, -0.4648134453939106)
  (0.2029735828779996, -0.45694827349894634)
  (0.23259838108152822, -0.4426036524004882)
  (0.16014870446764265, -0.36053792307330984)
  (0.016602807946990872, -0.3808139066370414)
  (-0.0681450068315142, -0.415424746293811)
  (-0.09764043366593551, -0.49037367967044077)
  (-0.07497716287881823, -0.4937402864908805)
  (-0.05231319132019561, -0.4971021690935698)
  (-0.029267933928403843, -0.4985621586068366)
  (-0.006411626272846721, -0.4999588893584525)
Piece 22:
  (-0.1425264965214895, 0.47925587924334306)
  (-0.16167930357928495, 0.47255314719308184)
  (-0.18078445124075754, 0.4657172160532481)
  (-0.20000046646183955, 0.4578444823702979)
  (-0.2184148504766218, 0.4491351273615697)
  (-0.23712230958362188, 0.440107154681586)
  (-0.2544937159156373, 0.42969513442055984)
  (-0.27201487601157814, 0.41953296322030015)
  (-0.1550934875296663, 0.2392032059184956)
  (-0.08254936336862073, 0.3666620002199623)
  (-0.053256045233241955, 0.4230648455932432)
  (-0.0624479242188598, 0.4960849289796612)
  (-0.08257664515966663, 0.49261300978197065)
  (-0.10283706150494626, 0.48906708813251637)
  (-0.12266640240051611, 0.4841000968089879)
  (-0.1425264965214895, 0.47925587924334306)
Piece 23:
  (-0.20070130820983734, -0.23194718471471798)
  (-0.2382723532215828, -0.31074581630802345)
  (-0.30424302828031063, -0.3967822825465196)
  (-0.3206373781756681, -0.38338672526336975)
  (-0.336303543777226, -0.3691877404210126)
  (-0.3519697093787839, -0.35498875557865545)
  (-0.3665785779455382, -0.33918231094797585)
  (-0.3807721041127624, -0.32352216806631995)
  (-0.39438885967565346, -0.30733927078025314)
  (-0.4063275336042791, -0.2904693551910506)
  (-0.41841442620613534, -0.2733144405390026)
  (-0.42909122974944, -0.2555012699891819)
  (-0.4397680332927446, -0.23768809943936126)
  (-0.44895345381148544, -0.2187989669253402)
  (-0.45813810804916244, -0.20027349788010887)
  (-0.4657174774948797, -0.18078372056034636)
  (-0.47275978823277065, -0.1611017805622419)
  (-0.4795256923391339, -0.14092844872165147)
  (-0.48460910591108025, -0.12063432415698766)
  (-0.4896925194830266, -0.10034019959232385)
  (-0.4935987686305394, -0.07975121068933831)
  (-0.4267504603009414, -0.18655249564448956)
  (-0.20070130820983734, -0.23194718471471798)
Piece 24:
  (-0.33455578277777454, -0.15291048720262407)
  (-0.3812202859588005, -0.0712142269327212)
  (-0.413097167187537, 0.019716118343153434)
  (-0.4981826443603597, 0.04259169940398432)
  (-0.4952888965529671, 0.06453728185071492)
  (-0.4920413614895809, 0.08643038491544922)
  (-0.48770705833978717, 0.10826660479011566)
  (-0.482853504260302, 0.129817153810837)
  (-0.39418527317067187, 0.08245757960239879)
  (-0.33573286115992335, -0.07272475333009078)
  (-0.2607411734968957, -0.05101988219265109)
  (-0.17820792142131725, -0.07418380624779539)
  (-0.21247902632274682, 0.012161936145675317)
  (-0.13102173377758725, -0.08475288658004823)
  (-0.04776687193892919, -0.11155139565308414)
  (-0.1476779700893181, -0.13819754706694898)
  (-0.22048740443164921, -0.1363299874955074)
  (-0.27679397587438226, -0.09049934458145895)
  (-0.33455578277777454, -0.15291048720262407)
Piece 25:
  (0.49522852228430303, 0.06891088967721697)
  (0.4976732176837647, 0.0473627421085207)
  (0.498735147524082, 0.02574666362393395)
  (0.4997970773643993, 0.0041305851393472065)
  (0.49908366316386443, -0.01865246480154064)
  (0.49801314490803705, -0.04044336449999296)
  (0.49547998908623964, -0.06324904063262754)
  (0.4922838911995813, -0.0847953824185819)
  (0.4880465734296387, -0.10691118457346156)
  (0.4828134492106373, -0.127802987543982)
  (0.47739274241174506, -0.14864780352428078)
  (0.429859146148409, -0.13384706599639282)
  (0.32320670977629895, -0.02033982341822313)
  (0.37673490968217876, 0.08225153949151395)
  (0.477490819909312, 0.14833245397529474)
  (0.4826021317634578, 0.12864661408253766)
  (0.48754382072764957, 0.10891828586769711)
  (0.491675470703363, 0.08889702023631688)
  (0.49522852228430303, 0.06891088967721697)
Piece 26:
  (0.1893613402770207, -0.17578623469404772)
  (0.21378162860663136, -0.31476971337356363)
  (0.38736529968629385, -0.1986337887889888)
  (0.3307716801855958, -0.2157275268704573)
  (0.25934923778055835, -0.17697216629605567)
  (0.25874795944673074, -0.11304785706691262)
  (0.23886585195021237, -0.023797423003905527)
  (0.13485328435845162, 0.03576821415248568)
  (0.16737778443771104, -0.13057732331074234)
  (0.14445237106442302, -0.2630413560344377)
  (0.1893613402770207, -0.17578623469404772)
Piece 27:
  (0.25778798378516465, 0.16879633867506855)
  (0.34703739428246266, 0.20617306393195184)
  (0.32320670977629895, -0.02033982341822313)
  (0.25874795944673074, -0.11304785706691262)
  (0.23886585195021237, -0.023797423003905527)
  (0.13485328435845162, 0.03576821415248568)
  (0.25778798378516465, 0.16879633867506855)
Piece 28:
  (-0.14651797736773015, -0.20622948350415812)
  (-0.1476779700893181, -0.13819754706694898)
  (-0.04776687193892919, -0.11155139565308414)
  (0.035042736005285686, -0.06265723260224747)
  (0.011647179132395984, -0.024935764923612144)
  (0.0715217955182826, -0.07973727335969742)
  (-0.00927388918580925, -0.19755618032200895)
  (-0.07288362602455277, -0.25746029863479136)
  (-0.07039161336818417, -0.3162777747901384)
  (-0.10777963456321259, -0.36703553424213653)
  (-0.14826005360738087, -0.2740182016559)
  (-0.2382723532215828, -0.31074581630802345)
  (-0.20070130820983734, -0.23194718471471798)
  (-0.14651797736773015, -0.20622948350415812)
Piece 29:
  (-0.4267504603009414, -0.18655249564448956)
  (-0.4935987686305394, -0.07975121068933831)
  (-0.4960202941978982, -0.05960659943797875)
  (-0.4980783911561134, -0.03911524660962164)
  (-0.4990795390562371, -0.018736412940830803)
  (-0.49990320444132064, 0.0019703188609404066)
  (-0.498905735310287, 0.02227426946462075)
  (-0.4981826443603597, 0.04259169940398432)
  (-0.413097167187537, 0.019716118343153434)
  (-0.3812202859588005, -0.0712142269327212)
  (-0.33455578277777454, -0.15291048720262407)
  (-0.27679397587438226, -0.09049934458145895)
  (-0.22048740443164921, -0.1363299874955074)
  (-0.1476779700893181, -0.13819754706694898)
  (-0.14651797736773015, -0.20622948350415812)
  (-0.20070130820983734, -0.23194718471471798)
  (-0.4267504603009414, -0.18655249564448956)
Piece 30:
  (0.03459165913949124, 0.3621153581184519)
  (-0.0026916363046826097, 0.281811021795433)
  (-0.08177033546635992, 0.28815258954571743)
  (-0.08254936336862073, 0.3666620002199623)
  (-0.053256045233241955, 0.4230648455932432)
  (-0.0624479242188598, 0.4960849289796612)
  (-0.041239606517472625, 0.4979740280460642)
  (-0.019989768695218946, 0.49901796563638356)
  (0.0012631886267153824, 0.49999840435194726)
  (0.026346463519857723, 0.4987056812447032)
  (0.051532692757504016, 0.4972179451186389)
  (0.07641505453153936, 0.4941262383651994)
  (0.09611252109131006, 0.4906051522584538)
  (0.11596659034701795, 0.4857783123641217)
  (0.13555860568825737, 0.48087076799727324)
  (0.15532283672376926, 0.47482752740133144)
  (0.17434124863714262, 0.46802263080841017)
  (0.19349784484351734, 0.4609199933467137)
  (0.21183906225744542, 0.4529064050130956)
  (0.1794409841973449, 0.38364015681897595)
  (0.09759424677542225, 0.33007009404215126)
  (0.03459165913949124, 0.3621153581184519)

Available Edges:
